time,seconds_elapsed,qz,qy,qx,qw,roll,pitch,yaw
1701881424294238200,0.11923828125,0.9230882525444031,0.02229783497750759,0.14188751578330994,0.3567615747451782,-0.2512064576148987,-0.142891526222229,-2.4220590591430664
1701881424303829800,0.128829833984375,0.9174795150756836,0.020567122846841812,0.14861057698726654,0.36840638518333435,-0.2634137272834778,-0.14777526259422302,-2.3975346088409424
1701881424313422300,0.13842236328125,0.9154005646705627,0.028574666008353233,0.14598466455936432,0.3740505576133728,-0.251816987991333,-0.16223657131195068,-2.386343002319336
1701881424323015700,0.148015625,0.9167916774749756,0.03602054342627525,0.1396445333957672,0.37241771817207336,-0.234759122133255,-0.17088942229747772,-2.3900814056396484
1701881424332608000,0.15760791015625,0.9218884706497192,0.037641268223524094,0.13225802779197693,0.3622327446937561,-0.2214069962501526,-0.1659795194864273,-2.4113001823425293
1701881424342199600,0.167199462890625,0.9259822964668274,0.04198623076081276,0.1255997121334076,0.3535797595977783,-0.20727135241031647,-0.1673561930656433,-2.4295265674591064
1701881424351792000,0.176792236328125,0.9282607436180115,0.04710008203983307,0.12162736803293228,0.3483107388019562,-0.19719403982162476,-0.1730327010154724,-2.440807580947876
1701881424361385500,0.186385498046875,0.9294624328613281,0.049487147480249405,0.12075584381818771,0.3450632095336914,-0.1945430189371109,-0.17624063789844513,-2.4478759765625
1701881424370977800,0.195977783203125,0.9309981465339661,0.049643732607364655,0.12102342396974564,0.3407803475856781,-0.1957566738128662,-0.1758257895708084,-2.4571211338043213
1701881424380569300,0.2055693359375,0.9327612519264221,0.049827054142951965,0.12186281383037567,0.3355937898159027,-0.19822001457214355,-0.17564810812473297,-2.468372106552124
1701881424390162000,0.215161865234375,0.9340915083885193,0.05139966681599617,0.12352053821086884,0.33101940155029297,-0.2012718766927719,-0.17874974012374878,-2.4785544872283936
1701881424399755000,0.224755126953125,0.9348201155662537,0.05365200713276863,0.1262141615152359,0.3275711238384247,-0.20572295784950256,-0.1840352714061737,-2.4865615367889404
1701881424409347600,0.23434765625,0.9353901743888855,0.054919175803661346,0.12992626428604126,0.32426580786705017,-0.21277375519275665,-0.18811045587062836,-2.494340658187866
1701881424418939100,0.243939208984375,0.9359549283981323,0.056417740881443024,0.1338592767715454,0.3207601308822632,-0.22019612789154053,-0.1926722377538681,-2.502627372741699
1701881424428531700,0.25353173828125,0.9364994168281555,0.0563686341047287,0.13793249428272247,0.3174366354942322,-0.2288234382867813,-0.1943695992231369,-2.5103845596313477
1701881424438124800,0.263124755859375,0.9369204044342041,0.05790240690112114,0.14000871777534485,0.315000057220459,-0.23246455192565918,-0.19799652695655823,-2.5161142349243164
1701881424447717400,0.27271728515625,0.9379606246948242,0.06044097617268562,0.13932864367961884,0.31171175837516785,-0.2303450107574463,-0.20160621404647827,-2.5233004093170166
1701881424457309000,0.282308837890625,0.9390177130699158,0.061474837362766266,0.1382739096879959,0.30878302454948425,-0.22830873727798462,-0.202220618724823,-2.5294606685638428
1701881424466901500,0.291901611328125,0.9401874542236328,0.06120232865214348,0.1376102864742279,0.3055573105812073,-0.22784966230392456,-0.20052003860473633,-2.5361554622650146
1701881424476494600,0.30149462890625,0.9407293796539307,0.06159917265176773,0.1381690353155136,0.3035507798194885,-0.22914128005504608,-0.20113231241703033,-2.540558099746704
1701881424486087200,0.311087158203125,0.9408690929412842,0.06261707842350006,0.14002344012260437,0.3020560145378113,-0.23251940310001373,-0.20382723212242126,-2.544187545776367
1701881424495678700,0.3206787109375,0.9395630359649658,0.0614805743098259,0.14574655890464783,0.30364349484443665,-0.24403798580169678,-0.20548272132873535,-2.541717052459717
1701881424505271300,0.330271240234375,0.9373941421508789,0.0605507418513298,0.15286415815353394,0.3070152699947357,-0.25779661536216736,-0.2088991403579712,-2.53574800491333
1701881424514864400,0.339864501953125,0.9353647232055664,0.059862371534109116,0.15929092466831207,0.3100575804710388,-0.2701368033885956,-0.21235749125480652,-2.5303893089294434
1701881424524456700,0.349456787109375,0.9330583214759827,0.05722011625766754,0.16613051295280457,0.3138927221298218,-0.28422608971595764,-0.21267330646514893,-2.5230953693389893
1701881424534048500,0.359048583984375,0.9305543899536133,0.053377915173769,0.1731192171573639,0.31819650530815125,-0.29921114444732666,-0.21107786893844604,-2.514566421508789
1701881424543641000,0.36864111328125,0.9283864498138428,0.05011088401079178,0.17905902862548828,0.3217536509037018,-0.31199339032173157,-0.2098061740398407,-2.5074713230133057
1701881424553234200,0.378234130859375,0.926602303981781,0.04726008325815201,0.18409234285354614,0.32447606325149536,-0.3229531943798065,-0.2085583657026291,-2.502018690109253
1701881424562826500,0.387826416015625,0.9248891472816467,0.04414721950888634,0.18875208497047424,0.3271143436431885,-0.33336755633354187,-0.20661655068397522,-2.496577501296997
1701881424572418300,0.397418212890625,0.9232252240180969,0.04074523597955704,0.1930944174528122,0.32971125841140747,-0.34335705637931824,-0.20397637784481049,-2.491053819656372
1701881424582011000,0.407010986328125,0.9216833114624023,0.03727211430668831,0.19696718454360962,0.3321363627910614,-0.352524071931839,-0.20089468359947205,-2.485745429992676
1701881424591604000,0.41660400390625,0.9203730225563049,0.033821649849414825,0.20026075839996338,0.3341633975505829,-0.3606436252593994,-0.19737574458122253,-2.481139659881592
1701881424601196300,0.4261962890625,0.9194269776344299,0.030468061566352844,0.2028302550315857,0.335537850856781,-0.36743423342704773,-0.19334308803081512,-2.477778673171997
1701881424610788000,0.4357880859375,0.9189665913581848,0.02756783924996853,0.20444078743457794,0.3360719382762909,-0.37224748730659485,-0.18920838832855225,-2.476127862930298
1701881424620380400,0.44538037109375,0.9191438555717468,0.025631798431277275,0.20498508214950562,0.3354082405567169,-0.37461888790130615,-0.18569129705429077,-2.4770872592926025
1701881424629973800,0.454973876953125,0.9203333258628845,0.02499709092080593,0.20458725094795227,0.3324240446090698,-0.3747863471508026,-0.18305131793022156,-2.4831619262695312
1701881424639566000,0.464566162109375,0.921761691570282,0.025522200390696526,0.2041587382555008,0.32866883277893066,-0.3743322491645813,-0.18225939571857452,-2.4911773204803467
1701881424649158000,0.474157958984375,0.9229658842086792,0.02683834917843342,0.2043243646621704,0.32506197690963745,-0.37455296516418457,-0.18340438604354858,-2.499187469482422
1701881424658750200,0.483750244140625,0.9239258766174316,0.028648484498262405,0.20538493990898132,0.3214922249317169,-0.3762580156326294,-0.1860692799091339,-2.507397174835205
1701881424668343600,0.493343505859375,0.9243645071983337,0.03082585521042347,0.2074556201696396,0.318688303232193,-0.37962889671325684,-0.19036367535591125,-2.5142669677734375
1701881424677935900,0.502935791015625,0.9242937564849854,0.03352887183427811,0.21060238778591156,0.3165493905544281,-0.3847399652004242,-0.19657675921916962,-2.5200862884521484
1701881424687527700,0.512527587890625,0.9237523674964905,0.03670663759112358,0.21470756828784943,0.31501564383506775,-0.39141538739204407,-0.20451077818870544,-2.5249719619750977
1701881424697120000,0.5221201171875,0.9228647351264954,0.040326204150915146,0.21946121752262115,0.31389686465263367,-0.39911171793937683,-0.2138335108757019,-2.529283046722412
1701881424706713300,0.53171337890625,0.921859622001648,0.044259682297706604,0.2247045487165451,0.3126080632209778,-0.4077262878417969,-0.2239588499069214,-2.534205198287964
1701881424716305700,0.5413056640625,0.9207590222358704,0.04833144694566727,0.2302473783493042,0.3112122416496277,-0.4169817268848419,-0.23445695638656616,-2.5395328998565674
1701881424725897500,0.5508974609375,0.9195376038551331,0.05231466516852379,0.23584267497062683,0.3099871575832367,-0.42644593119621277,-0.24486671388149261,-2.5445687770843506
1701881424735489800,0.56048974609375,0.9181467890739441,0.05595770105719566,0.24127285182476044,0.3092936873435974,-0.4357101023197174,-0.254749596118927,-2.548422336578369
1701881424745083100,0.570083251953125,0.916601300239563,0.05912584811449051,0.24638767540454865,0.30925604701042175,-0.4444785714149475,-0.2638336420059204,-2.5507400035858154
1701881424754675500,0.579675537109375,0.9148768782615662,0.061662301421165466,0.2507905066013336,0.31032595038414,-0.4518664479255676,-0.2718151807785034,-2.55039644241333
1701881424764267000,0.58926708984375,0.9133586287498474,0.06361164152622223,0.2540247142314911,0.31177085638046265,-0.4570821523666382,-0.27816900610923767,-2.5488054752349854
1701881424773859600,0.598859619140625,0.9121952056884766,0.06493882089853287,0.25611719489097595,0.31318825483322144,-0.46028968691825867,-0.2826479971408844,-2.5467865467071533
1701881424783453000,0.608452880859375,0.9114547371864319,0.06577060371637344,0.2572918236255646,0.314206063747406,-0.4619823396205902,-0.28543946146965027,-2.5452136993408203
1701881424793045200,0.618045166015625,0.9112322330474854,0.06615455448627472,0.25792983174324036,0.31424760818481445,-0.46308284997940063,-0.28657856583595276,-2.545422315597534
1701881424802636800,0.62763671875,0.9114369750022888,0.06594651937484741,0.2584640681743622,0.3132571876049042,-0.46456459164619446,-0.28602781891822815,-2.5475964546203613
1701881424812229400,0.6372294921875,0.9117706418037415,0.06530468910932541,0.2592904567718506,0.31173399090766907,-0.46700963377952576,-0.2845703363418579,-2.5508294105529785
1701881424821822700,0.64682275390625,0.9121066331863403,0.06455358862876892,0.2604885399341583,0.3099033534526825,-0.47035178542137146,-0.28297343850135803,-2.554766893386841
1701881424831415000,0.6564150390625,0.91243577003479,0.0639701709151268,0.2620508074760437,0.30773067474365234,-0.47444966435432434,-0.2817316949367523,-2.559570550918579
1701881424841006600,0.666006591796875,0.912609338760376,0.06345152109861374,0.2641298770904541,0.305538147687912,-0.47957780957221985,-0.28089573979377747,-2.5645642280578613
1701881424850599200,0.67559912109375,0.9126836061477661,0.06299469619989395,0.26660946011543274,0.30324867367744446,-0.4855250418186188,-0.2803441286087036,-2.5698795318603516
1701881424860192500,0.685192626953125,0.9126937985420227,0.06265322118997574,0.269427627325058,0.30078792572021484,-0.49216416478157043,-0.280095636844635,-2.575676441192627
1701881424869784800,0.694784912109375,0.9125691056251526,0.062403272837400436,0.2724933922290802,0.29844728112220764,-0.4992430508136749,-0.2801964282989502,-2.581312656402588
1701881424879376400,0.70437646484375,0.9123268127441406,0.06230983883142471,0.27553001046180725,0.2964126467704773,-0.5061144232749939,-0.2807069718837738,-2.5863535404205322
1701881424888969000,0.713968994140625,0.9122154712677002,0.06249290704727173,0.27820366621017456,0.2942112982273102,-0.5121685862541199,-0.28141507506370544,-2.5917510986328125
1701881424898562300,0.723562255859375,0.9120712876319885,0.06279052793979645,0.28037700057029724,0.2925269603729248,-0.5170040130615234,-0.28230956196784973,-2.595978260040283
1701881424908154600,0.733154541015625,0.9120104908943176,0.06343352049589157,0.2819386124610901,0.2910733222961426,-0.5203664898872375,-0.2836208641529083,-2.5996975898742676
1701881424917746200,0.74274609375,0.9119985103607178,0.06434839218854904,0.28305062651634216,0.2898281216621399,-0.5226299166679382,-0.2852979302406311,-2.6029717922210693
1701881424927338800,0.7523388671875,0.9120132327079773,0.06542596220970154,0.28397664427757263,0.28863227367401123,-0.5244327187538147,-0.28720033168792725,-2.606161594390869
1701881424936932000,0.76193212890625,0.9119699597358704,0.06644951552152634,0.28499674797058105,0.2875276505947113,-0.5264372229576111,-0.2890990674495697,-2.609168767929077
1701881424946524400,0.7715244140625,0.9118229150772095,0.06722360849380493,0.2863733172416687,0.2864442467689514,-0.5292904376983643,-0.29073038697242737,-2.6121342182159424
1701881424956116000,0.781115966796875,0.9115672707557678,0.06775494664907455,0.28812873363494873,0.2853703498840332,-0.5330390334129333,-0.2921096980571747,-2.615091562271118
1701881424965708500,0.79070849609375,0.911449670791626,0.06817635893821716,0.2898939549922943,0.28385382890701294,-0.5369864702224731,-0.293029248714447,-2.618931293487549
1701881424975302000,0.800302001953125,0.9115481972694397,0.06847306340932846,0.2913973033428192,0.2819201648235321,-0.5405616164207458,-0.2933226227760315,-2.6235125064849854
1701881424984894200,0.809894287109375,0.9119694828987122,0.06876718997955322,0.29243171215057373,0.2794036269187927,-0.5433253049850464,-0.29301509261131287,-2.6291663646698
1701881424994485800,0.81948583984375,0.9125876426696777,0.06900552660226822,0.292991578578949,0.2767272889614105,-0.5451623797416687,-0.2922470271587372,-2.6349856853485107
1701881425004078300,0.829078369140625,0.9133738875389099,0.06930717825889587,0.2932221591472626,0.2737981379032135,-0.5463545322418213,-0.29127538204193115,-2.6412549018859863
1701881425013671400,0.83867138671875,0.9142141938209534,0.06976297497749329,0.293488085269928,0.27057400345802307,-0.5476441979408264,-0.29044342041015625,-2.648205041885376
1701881425023264000,0.848263916015625,0.9149778485298157,0.07047845423221588,0.2941686511039734,0.26704511046409607,-0.5497951507568359,-0.2901386320590973,-2.6560111045837402
1701881425032855600,0.85785546875,0.9156092405319214,0.07155019044876099,0.295592725276947,0.26299282908439636,-0.5535352826118469,-0.2905733585357666,-2.66526460647583
1701881425042448100,0.8674482421875,0.9159904718399048,0.07298025488853455,0.2980971038341522,0.2584056556224823,-0.5595964789390564,-0.2918854355812073,-2.6760926246643066
1701881425052041200,0.877041259765625,0.9160568714141846,0.07440748810768127,0.30179810523986816,0.25341910123825073,-0.5683344006538391,-0.29348063468933105,-2.688094139099121
1701881425061633800,0.8866337890625,0.9158115983009338,0.07599504292011261,0.30633947253227234,0.24833445250988007,-0.5788809657096863,-0.2956310510635376,-2.700629949569702
1701881425071225300,0.896225341796875,0.9156305193901062,0.07815854251384735,0.3111084997653961,0.24232932925224304,-0.5900659561157227,-0.2983150780200958,-2.7154130935668945
1701881425080818000,0.90581787109375,0.9157614707946777,0.08086379617452621,0.3157595694065094,0.2348146289587021,-0.6013633608818054,-0.30091458559036255,-2.7335290908813477
1701881425090411000,0.915410888671875,0.9162240624427795,0.08393122255802155,0.32023733854293823,0.2256925404071808,-0.612758457660675,-0.3029634356498718,-2.7550556659698486
1701881425100003600,0.925003662109375,0.9168761372566223,0.08712885528802872,0.32459554076194763,0.21537059545516968,-0.6243217587471008,-0.30426225066185,-2.779038667678833
1701881425109595100,0.93459521484375,0.9175310134887695,0.09027901291847229,0.32897326350212097,0.2043602615594864,-0.6362449526786804,-0.30482444167137146,-2.8043692111968994
1701881425119187700,0.944187744140625,0.918002724647522,0.09330376982688904,0.33350837230682373,0.19322942197322845,-0.6486718058586121,-0.3048954904079437,-2.829890012741089
1701881425128780800,0.95378076171875,0.9183743596076965,0.0964861735701561,0.33814767003059387,0.18148024380207062,-0.6615757942199707,-0.3046455979347229,-2.8567352294921875
1701881425138373400,0.963373291015625,0.9184244275093079,0.09969822317361832,0.3431602120399475,0.16969941556453705,-0.6754070520401001,-0.3042720556259155,-2.883744239807129
1701881425147965000,0.97296484375,0.9181041717529297,0.10317592322826385,0.3488093316555023,0.1573895364999771,-0.6908718347549438,-0.3039069175720215,-2.9121391773223877
1701881425157557500,0.9825576171875,0.9173249006271362,0.10687453299760818,0.3552112281322479,0.14462988078594208,-0.7082378268241882,-0.30346184968948364,-2.941777229309082
1701881425167150600,0.992150634765625,0.9161996245384216,0.11087676137685776,0.36217647790908813,0.13081587851047516,-0.7272717356681824,-0.3025206923484802,-2.9738311767578125
1701881425176743000,1.001742919921875,0.9147095680236816,0.11493676900863647,0.3696348965167999,0.11604287475347519,-0.747799277305603,-0.3005593419075012,-3.00789737701416
1701881425186334700,1.011334716796875,0.9128687381744385,0.11889069527387619,0.3772972524166107,0.10090804845094681,-0.7689988613128662,-0.29758045077323914,-3.0425684452056885
1701881425195927300,1.02092724609375,0.9107974767684937,0.12276057153940201,0.3847387135028839,0.08575477451086044,-0.7898097634315491,-0.29381558299064636,-3.0770342350006104
1701881425205520400,1.030520263671875,0.908552885055542,0.12656666338443756,0.39179572463035583,0.07077173888683319,-0.8097964525222778,-0.2894666790962219,-3.110887289047241
1701881425215112700,1.04011279296875,0.9061869978904724,0.13050208985805511,0.39841094613075256,0.05534526705741882,-0.8289871215820312,-0.2844388782978058,3.1377580165863037
1701881425224704500,1.04970458984375,0.9036199450492859,0.13449662923812866,0.4047660529613495,0.039320189505815506,-0.8477910161018372,-0.2784842550754547,3.1022486686706543
1701881425234297000,1.059297119140625,0.9006149172782898,0.13853998482227325,0.4113329350948334,0.022465044632554054,-0.8672945499420166,-0.2713409662246704,3.0652194023132324
1701881425243890200,1.06889013671875,0.8968036770820618,0.14265847206115723,0.41877758502960205,0.0041287983767688274,-0.8891083002090454,-0.2623298168182373,3.0252814292907715
1701881425253482500,1.078482421875,-0.8917260766029358,-0.14664429426193237,-0.4278637766838074,0.015893545001745224,-0.9148634672164917,-0.25054559111595154,2.9821267127990723
1701881425263074300,1.08807421875,-0.8851007223129272,-0.14996427297592163,-0.43904903531074524,0.03665262460708618,-0.9451121091842651,-0.2354518175125122,2.938046932220459
1701881425272667000,1.0976669921875,-0.8769382238388062,-0.1525101512670517,-0.45206281542778015,0.057959165424108505,-0.9790457487106323,-0.21677537262439728,2.893781900405884
1701881425282260000,1.107260009765625,-0.8675701022148132,-0.15420958399772644,-0.4660038948059082,0.07988639920949936,-1.014481544494629,-0.1943415403366089,2.84971022605896
1701881425291852300,1.116852294921875,-0.8573163747787476,-0.1552230268716812,-0.4799438714981079,0.10280228406190872,-1.049326777458191,-0.1682647168636322,2.8053691387176514
1701881425301444000,1.126444091796875,-0.8462713956832886,-0.15572622418403625,-0.49336016178131104,0.12716041505336761,-1.0824276208877563,-0.13854430615901947,2.7599434852600098
1701881425311036700,1.13603662109375,-0.8344922065734863,-0.1553586721420288,-0.5062918663024902,0.1521676778793335,-1.1135101318359375,-0.10540374368429184,2.7152161598205566
1701881425320629800,1.145629638671875,-0.8218714594841003,-0.1543883979320526,-0.5188699960708618,0.17738506197929382,-1.1429797410964966,-0.0697517991065979,2.671586513519287
1701881425330222000,1.15522216796875,-0.8082626461982727,-0.1525099277496338,-0.5318615436553955,0.20143356919288635,-1.1724116802215576,-0.03227221965789795,2.6316754817962646
1701881425339814000,1.16481396484375,-0.793414831161499,-0.15008416771888733,-0.545853316783905,0.22363322973251343,-1.2035527229309082,0.00598391005769372,2.596233606338501
1701881425349406200,1.17440625,-0.7772154808044434,-0.14741763472557068,-0.5610848665237427,0.24369630217552185,-1.2374308109283447,0.0443326011300087,2.5654754638671875
1701881425358999600,1.18399951171875,-0.7593896985054016,-0.14512425661087036,-0.5769906044006348,0.26334014534950256,-1.27336585521698,0.08357509970664978,2.5358002185821533
1701881425368592000,1.193591796875,-0.7410345077514648,-0.14129199087619781,-0.5927978754043579,0.2819488048553467,-1.3085155487060547,0.12519964575767517,2.510532855987549
1701881425378183700,1.20318359375,-0.7227927446365356,-0.13600318133831024,-0.607077956199646,0.30088216066360474,-1.3395358324050903,0.1695244461297989,2.4870364665985107
1701881425387776000,1.21277587890625,-0.7052002549171448,-0.1293598860502243,-0.619174599647522,0.320283442735672,-1.3648194074630737,0.21584561467170715,2.4645931720733643
1701881425397369300,1.222369384765625,-0.6881972551345825,-0.12189362198114395,-0.6293554902076721,0.339761883020401,-1.385289192199707,0.2629065215587616,2.4429543018341064
1701881425406961700,1.231961669921875,-0.6711533665657043,-0.11504075676202774,-0.6383137106895447,0.358990877866745,-1.4035001993179321,0.3087601065635681,2.4208428859710693
1701881425416553500,1.241553466796875,-0.6538007855415344,-0.10941589623689651,-0.6467922925949097,0.377137154340744,-1.421764850616455,0.35201123356819153,2.399075984954834
1701881425426145800,1.251145751953125,-0.6358989477157593,-0.10519276559352875,-0.6551259160041809,0.39417895674705505,-1.441098690032959,0.3927059471607208,2.377603530883789
1701881425435739100,1.2607392578125,-0.617729902267456,-0.10140344500541687,-0.6634024977684021,0.40990766882896423,-1.4613159894943237,0.4318896234035492,2.3580780029296875
1701881425445331500,1.27033154296875,-0.5997806191444397,-0.09762395173311234,-0.6713838577270508,0.42423632740974426,-1.4816091060638428,0.46961715817451477,2.341129779815674
1701881425454923300,1.27992333984375,-0.5827248096466064,-0.09417615085840225,-0.678598165512085,0.43711233139038086,-1.5007432699203491,0.5046369433403015,2.3262040615081787
1701881425464515600,1.289515625,-0.5674338340759277,-0.0906008780002594,-0.6848174333572388,0.44814661145210266,-1.5176845788955688,0.5363212823867798,2.314422607421875
1701881425474109000,1.29910888671875,-0.5543099641799927,-0.08669275790452957,-0.6900040507316589,0.45729559659957886,-1.5320146083831787,0.5644631385803223,2.306063175201416
1701881425483701200,1.308701171875,-0.5433438420295715,-0.0822337195277214,-0.694453239440918,0.4644887447357178,-1.5443964004516602,0.5892877578735352,2.301736831665039
1701881425493293000,1.31829296875,-0.5343418717384338,-0.07664564996957779,-0.6988512873649597,0.4692665934562683,-1.5567952394485474,0.6113643050193787,2.30367112159729
1701881425502885400,1.327885498046875,-0.5269861221313477,-0.06986088305711746,-0.7035118341445923,0.47167378664016724,-1.5703243017196655,0.6310895085334778,2.312267541885376
1701881425512478700,1.337478759765625,-0.5210217237472534,-0.062107861042022705,-0.708128809928894,0.47247496247291565,-1.5841118097305298,0.6490465998649597,2.3255856037139893
1701881425522071000,1.347071044921875,-0.5161424279212952,-0.053591761738061905,-0.7124224305152893,0.47241851687431335,-1.5972964763641357,0.6659432649612427,2.341686487197876
1701881425531662600,1.35666259765625,-0.5117670893669128,-0.045113034546375275,-0.7163711190223694,0.47209280729293823,-1.6100189685821533,0.6818270087242126,2.358332633972168
1701881425541255200,1.366255126953125,-0.507263720035553,-0.03779898211359978,-0.7200117111206055,0.4720570743083954,-1.6225556135177612,0.6963545083999634,2.372896671295166
1701881425550848500,1.3758486328125,-0.5025070905685425,-0.031621430069208145,-0.723408579826355,0.47240525484085083,-1.634968876838684,0.7098289132118225,2.3852317333221436
1701881425560440800,1.38544091796875,-0.4983236789703369,-0.025077281519770622,-0.7262330651283264,0.4728955626487732,-1.6456866264343262,0.7233127951622009,2.397473096847534
1701881425570032400,1.395032470703125,-0.4947921931743622,-0.017879579216241837,-0.7282696962356567,0.4737977385520935,-1.6538350582122803,0.7374623417854309,2.409227132797241
1701881425579625000,1.404625,-0.4915746748447418,-0.010225099511444569,-0.7297139167785645,0.47514989972114563,-1.6601885557174683,0.7524018287658691,2.4203484058380127
1701881425589218300,1.41421826171875,-0.4881623387336731,-0.0026965478900820017,-0.7308408617973328,0.47703444957733154,-1.665845274925232,0.76791912317276,2.430161237716675
1701881425598810600,1.423810546875,-0.4841609001159668,0.00393890542909503,-0.7317976355552673,0.4796299934387207,-1.6713117361068726,0.7835493683815002,2.4373416900634766
1701881425608402200,1.433402099609375,-0.48141610622406006,0.007944176904857159,-0.7305145263671875,0.48427677154541016,-1.667421579360962,0.7968977689743042,2.433317184448242
1701881425617994800,1.442994873046875,-0.4780263900756836,0.005662101786583662,-0.7280939221382141,0.4912615418434143,-1.657907247543335,0.8049303889274597,2.413181781768799
1701881425627588000,1.452588134765625,-0.4739893674850464,0.004925531800836325,-0.7273464798927307,0.4962629973888397,-1.6554787158966064,0.8133305907249451,2.401611804962158
1701881425637180400,1.462180419921875,-0.4708784222602844,0.010035758838057518,-0.7276518940925598,0.4986938238143921,-1.6581778526306152,0.8259649872779846,2.405623435974121
1701881425646772000,1.47177197265625,-0.46944987773895264,0.02034330554306507,-0.7282214760780334,0.49889522790908813,-1.6631438732147217,0.8416039943695068,2.422675848007202
1701881425656364500,1.481364501953125,-0.4678185284137726,0.03208153322339058,-0.7286649346351624,0.49916326999664307,-1.6689252853393555,0.859417200088501,2.44222092628479
1701881425665958000,1.4909580078125,-0.4655286967754364,0.041991084814071655,-0.7283316850662231,0.5010516047477722,-1.6717983484268188,0.8772122263908386,2.454824447631836
1701881425675550200,1.50055029296875,-0.46107953786849976,0.04651690647006035,-0.7263669967651367,0.5075754523277283,-1.666145920753479,0.8950943350791931,2.4466705322265625
1701881425685141800,1.510141845703125,-0.45757773518562317,0.05371738597750664,-0.7254878878593445,0.5112771987915039,-1.6664574146270752,0.912459135055542,2.450489044189453
1701881425694734300,1.519734375,-0.45564162731170654,0.06482125073671341,-0.725579559803009,0.5115889310836792,-1.673537254333496,0.9297450184822083,2.469964027404785
1701881425704327700,1.52932763671875,-0.45418426394462585,0.07715395838022232,-0.7256749272346497,0.5110379457473755,-1.682531476020813,0.9471922516822815,2.4941155910491943
1701881425713920000,1.538919921875,-0.4524575173854828,0.08943452686071396,-0.7256377339363098,0.5106207132339478,-1.692422866821289,0.9648824334144592,2.5186405181884766
1701881425723511600,1.548511474609375,-0.4496857225894928,0.09997284412384033,-0.7257938385009766,0.5108928084373474,-1.7035765647888184,0.9818355441093445,2.5400524139404297
1701881425733104000,1.558104248046875,-0.4461730122566223,0.10906679928302765,-0.7263964414596558,0.5112556219100952,-1.7171220779418945,0.9974194169044495,2.560539484024048
1701881425742697200,1.567697265625,-0.44198188185691833,0.11746438592672348,-0.7272597551345825,0.511807918548584,-1.7327855825424194,1.0127077102661133,2.580996513366699
1701881425752289800,1.577289794921875,-0.4375482499599457,0.12606929242610931,-0.7279531955718994,0.51258385181427,-1.7493031024932861,1.0286377668380737,2.6022067070007324
1701881425761881300,1.58688134765625,-0.4330078661441803,0.13482321798801422,-0.7284234166145325,0.5135427713394165,-1.766405701637268,1.0449752807617188,2.6240618228912354
1701881425771474000,1.596473876953125,-0.4286297857761383,0.1430795043706894,-0.728719174861908,0.5145610570907593,-1.7832807302474976,1.0604947805404663,2.6452932357788086
1701881425781067000,1.60606689453125,-0.4248496890068054,0.1510063111782074,-0.7288193702697754,0.5152884125709534,-1.7995686531066895,1.0746304988861084,2.6665730476379395
1701881425790659600,1.61565966796875,-0.4215528070926666,0.15851864218711853,-0.728810727596283,0.5157518982887268,-1.8154587745666504,1.0873947143554688,2.6877567768096924
1701881425800251100,1.625251220703125,-0.41862621903419495,0.1653788983821869,-0.7286994457244873,0.5161386132240295,-1.8304122686386108,1.0988470315933228,2.7077269554138184
1701881425809843700,1.63484375,-0.4154188930988312,0.17075513303279877,-0.7285269498825073,0.5172217488288879,-1.8433622121810913,1.1095304489135742,2.7229676246643066
1701881425819436800,1.644436767578125,-0.4121207594871521,0.17580991983413696,-0.728401243686676,0.5183424949645996,-1.8568010330200195,1.1198440790176392,2.73809814453125
1701881425829029400,1.654029296875,-0.40890321135520935,0.18069612979888916,-0.7284126877784729,0.5191935896873474,-1.871337652206421,1.1293832063674927,2.754288911819458
1701881425838621000,1.663620849609375,-0.40699145197868347,0.18620972335338593,-0.7280019521713257,0.5193236470222473,-1.8840988874435425,1.1377909183502197,2.771939277648926
1701881425848213500,1.673213623046875,-0.4056231379508972,0.1904078722000122,-0.7272842526435852,0.5198772549629211,-1.8919010162353516,1.144890308380127,2.783540964126587
1701881425857806600,1.682806640625,-0.4039408266544342,0.19258686900138855,-0.7263067960739136,0.5217476487159729,-1.8939933776855469,1.1517691612243652,2.785724639892578
1701881425867399200,1.692399169921875,-0.4016021490097046,0.19323450326919556,-0.7249888181686401,0.5251355767250061,-1.8912214040756226,1.1595958471298218,2.779458999633789
1701881425876990700,1.70199072265625,-0.39756694436073303,0.19345369935035706,-0.7241670489311218,0.5292430520057678,-1.8925565481185913,1.168954849243164,2.7737834453582764
1701881425886583300,1.711583251953125,-0.39169108867645264,0.19566398859024048,-0.723791241645813,0.5333103537559509,-1.9047565460205078,1.1818006038665771,2.778935194015503
1701881425896176400,1.72117626953125,-0.38476601243019104,0.20129244029521942,-0.7229714393615723,0.5373534560203552,-1.926741600036621,1.1995705366134644,2.797266960144043
1701881425905769000,1.73076904296875,-0.37828528881073,0.21075183153152466,-0.7210913300514221,0.5408430099487305,-1.9560232162475586,1.2210015058517456,2.8294527530670166
1701881425915360500,1.740360595703125,-0.3733785152435303,0.2236640602350235,-0.7185453772544861,0.5424531698226929,-1.9947820901870728,1.2424507141113281,2.8791773319244385
1701881425924953000,1.749953125,-0.3687223792076111,0.2359142005443573,-0.7164186835289001,0.5432610511779785,-2.039799690246582,1.2609432935714722,2.9348273277282715
1701881425934546200,1.759546142578125,-0.3637048900127411,0.24784938991069794,-0.7145727872848511,0.5437601804733276,-2.0932183265686035,1.2778615951538086,2.9979939460754395
1701881425944138800,1.769138671875,-0.3578864336013794,0.25869205594062805,-0.7131036520004272,0.5444988012313843,-2.1539604663848877,1.2932583093643188,3.0656445026397705
1701881425953730300,1.778730224609375,-0.35248008370399475,0.2687101364135742,-0.7111284732818604,0.5457553863525391,-2.213696241378784,1.3078731298446655,3.1317389011383057
1701881425963322600,1.788322509765625,-0.3495064377784729,0.2784489095211029,-0.7076200246810913,0.5473439693450928,-2.260338068008423,1.32221519947052,-3.0949490070343018
1701881425972916000,1.797916015625,-0.3493844270706177,0.2857378125190735,-0.7035470604896545,0.5489134192466736,-2.281818389892578,1.3337572813034058,-3.062744379043579
1701881425982508500,1.807508544921875,-0.3473208546638489,0.2875780761241913,-0.7020998597145081,0.551110565662384,-2.295891761779785,1.3406498432159424,-3.0494375228881836
1701881425992100000,1.81710009765625,-0.3421325087547302,0.28849610686302185,-0.7030860781669617,0.5526167750358582,-2.3337583541870117,1.3444021940231323,-3.0185961723327637
1701881426001692700,1.826692626953125,-0.33915603160858154,0.29307612776756287,-0.7039564251899719,0.5509309768676758,-2.3824079036712646,1.3443031311035156,-2.967386245727539
1701881426011285800,1.83628564453125,-0.3411489427089691,0.30158576369285583,-0.7032929062843323,0.5459326505661011,-2.4200944900512695,1.3408229351043701,-2.912719964981079
1701881426020878300,1.84587841796875,-0.3453429043292999,0.3112928867340088,-0.701741635799408,0.5398089289665222,-2.447852849960327,1.3362436294555664,-2.8623592853546143
1701881426030470000,1.855469970703125,-0.3452303111553192,0.32160988450050354,-0.699088454246521,0.5372694730758667,-2.502011775970459,1.3390060663223267,-2.791900873184204
1701881426040062500,1.8650625,-0.3382229506969452,0.32929980754852295,-0.696743369102478,0.540107011795044,-2.589789390563965,1.3484625816345215,-2.7036008834838867
1701881426049655600,1.874655517578125,-0.3302372395992279,0.3225172162055969,-0.6982792019844055,0.5471125245094299,-2.607797861099243,1.3563250303268433,-2.709848642349243
1701881426059248000,1.884248046875,-0.32492712140083313,0.31413593888282776,-0.7004863619804382,0.5523222088813782,-2.5971899032592773,1.3603171110153198,-2.742598533630371
1701881426068839700,1.893839599609375,-0.32489457726478577,0.31355535984039307,-0.7003613710403442,0.5528295636177063,-2.5936975479125977,1.3611561059951782,-2.747114896774292
1701881426078432300,1.903432373046875,-0.32754388451576233,0.315818190574646,-0.6994456052780151,0.5511348843574524,-2.5875537395477295,1.3600083589553833,-2.7453489303588867
1701881426088025300,1.913025390625,-0.32847222685813904,0.315611869096756,-0.699432373046875,0.5507172346115112,-2.5795929431915283,1.3593025207519531,-2.7521164417266846
1701881426097618000,1.922617919921875,-0.3287724554538727,0.31503069400787354,-0.6996862292289734,0.5505483746528625,-2.5741779804229736,1.3585920333862305,-2.757941722869873
1701881426107209500,1.93220947265625,-0.32930314540863037,0.3151753842830658,-0.6999403834342957,0.5498248338699341,-2.571643829345703,1.3571566343307495,-2.7593162059783936
1701881426116802000,1.941802001953125,-0.3300134241580963,0.31604310870170593,-0.7000046968460083,0.5488181114196777,-2.5720326900482178,1.3556605577468872,-2.7563183307647705
1701881426126395100,1.95139501953125,-0.3307585120201111,0.3172357976436615,-0.7000851631164551,0.547577440738678,-2.574134349822998,1.353846549987793,-2.751009941101074
1701881426135987700,1.96098779296875,-0.3313616216182709,0.31832364201545715,-0.7003051042556763,0.5462987422943115,-2.57669997215271,1.351782202720642,-2.745614767074585
1701881426145579300,1.970579345703125,-0.3317401707172394,0.31909483671188354,-0.7007514834403992,0.5450451970100403,-2.579131603240967,1.3494173288345337,-2.741201400756836
1701881426155171800,1.980171875,-0.3317815065383911,0.3194675147533417,-0.7014716863632202,0.5438740849494934,-2.581779718399048,1.3467724323272705,-2.737734317779541
1701881426164765000,1.989764892578125,-0.3318064212799072,0.3197746276855469,-0.7022691965103149,0.5426478385925293,-2.5841712951660156,1.3439310789108276,-2.7346410751342773
1701881426174357500,1.999357421875,-0.3319563567638397,0.3200235664844513,-0.703080952167511,0.5413567423820496,-2.5853452682495117,1.3409568071365356,-2.7326478958129883
1701881426183949000,2.008948974609375,-0.33260577917099,0.32048937678337097,-0.7037157416343689,0.5398556590080261,-2.584197521209717,1.337904691696167,-2.731816053390503
1701881426193541600,2.018541748046875,-0.33417654037475586,0.32143551111221313,-0.7039163708686829,0.5380585193634033,-2.579223155975342,1.335000991821289,-2.7325599193573
1701881426203134700,2.028134765625,-0.3371182680130005,0.3232177793979645,-0.7033810615539551,0.5358512997627258,-2.569221258163452,1.3324958086013794,-2.734788417816162
1701881426212727000,2.03772705078125,-0.3414272665977478,0.3261609673500061,-0.701979398727417,0.5331710577011108,-2.5558886528015137,1.33051335811615,-2.736269474029541
1701881426222318800,2.04731884765625,-0.3452194929122925,0.3290942907333374,-0.7001825571060181,0.5312860012054443,-2.5454325675964355,1.3302748203277588,-2.7358031272888184
1701881426231911200,2.0569111328125,-0.34840258955955505,0.3323703706264496,-0.6980980634689331,0.5299100875854492,-2.540363311767578,1.3312925100326538,-2.730435371398926
1701881426241504500,2.06650439453125,-0.35066157579421997,0.3350836932659149,-0.6965945363044739,0.5286884307861328,-2.538848638534546,1.3317527770996094,-2.7238736152648926
1701881426251096800,2.076096923828125,-0.3521358370780945,0.33722415566444397,-0.6957740187644958,0.527426540851593,-2.540044069290161,1.3312121629714966,-2.7167365550994873
1701881426260688600,2.085688720703125,-0.35341718792915344,0.3396863043308258,-0.6953831911087036,0.5255013704299927,-2.5446064472198486,1.3291760683059692,-2.7059080600738525
1701881426270281000,2.095281005859375,-0.35431140661239624,0.3413718044757843,-0.695246160030365,0.5239861607551575,-2.547666072845459,1.3273066282272339,-2.6984901428222656
1701881426279874300,2.104874267578125,-0.35549330711364746,0.34295132756233215,-0.6945505738258362,0.5230758786201477,-2.54779052734375,1.3270435333251953,-2.693814277648926
1701881426289466600,2.114466552734375,-0.3571290969848633,0.34453117847442627,-0.6934903264045715,0.5223296284675598,-2.5447046756744385,1.3274840116500854,-2.691645622253418
1701881426299058400,2.124058349609375,-0.35853976011276245,0.3454945385456085,-0.6926445960998535,0.5218488574028015,-2.5400068759918213,1.3279550075531006,-2.6924691200256348
1701881426308650800,2.133650634765625,-0.3604936897754669,0.3472210466861725,-0.6914364099502563,0.5209582448005676,-2.5355212688446045,1.3283807039260864,-2.6909186840057373
1701881426318244000,2.143244140625,-0.3623124957084656,0.34904053807258606,-0.6902491450309753,0.5200543403625488,-2.532407522201538,1.3287837505340576,-2.6880545616149902
1701881426327836400,2.15283642578125,-0.364125519990921,0.35108739137649536,-0.6890406608581543,0.5190117955207825,-2.5305161476135254,1.329045057296753,-2.6835803985595703
1701881426337428200,2.16242822265625,-0.3658766448497772,0.35317495465278625,-0.6878750920295715,0.5179088711738586,-2.529279947280884,1.3291701078414917,-2.67846417427063
1701881426347020500,2.1720205078125,-0.36769887804985046,0.35540416836738586,-0.6866674423217773,0.5166945457458496,-2.5283021926879883,1.329203486442566,-2.672717571258545
1701881426356614000,2.18161376953125,-0.3695300221443176,0.3576333224773407,-0.6854544281959534,0.5154592394828796,-2.52726411819458,1.329211950302124,-2.667001485824585
1701881426366206200,2.191206298828125,-0.3714728057384491,0.35991740226745605,-0.684167742729187,0.5141808390617371,-2.5257370471954346,1.3292572498321533,-2.661484718322754
1701881426375798000,2.200798095703125,-0.3735465109348297,0.36219361424446106,-0.6827971935272217,0.5129003524780273,-2.523259401321411,1.329404354095459,-2.656705617904663
1701881426385390300,2.210390380859375,-0.375718891620636,0.3644285202026367,-0.6813603639602661,0.5116397738456726,-2.519876718521118,1.3296607732772827,-2.6527273654937744
1701881426394983700,2.219983642578125,-0.377998948097229,0.36663496494293213,-0.6798701882362366,0.5103646516799927,-2.515606164932251,1.3299592733383179,-2.6494898796081543
1701881426404576000,2.229575927734375,-0.38039344549179077,0.36886245012283325,-0.6783228516578674,0.5090377330780029,-2.5106606483459473,1.3302565813064575,-2.646682024002075
1701881426414167800,2.239167724609375,-0.38282179832458496,0.37108856439590454,-0.676762580871582,0.5076742172241211,-2.505476474761963,1.3305163383483887,-2.6440365314483643
1701881426423760100,2.248760009765625,-0.38522109389305115,0.37329187989234924,-0.6752236485481262,0.5062913298606873,-2.500375509262085,1.3307188749313354,-2.6413722038269043
1701881426433353500,2.258353515625,-0.3875086009502411,0.3754830062389374,-0.6737312078475952,0.5049117803573608,-2.495971202850342,1.3308697938919067,-2.638197898864746
1701881426442945800,2.26794580078125,-0.3896293342113495,0.37763819098472595,-0.6722992658615112,0.5035792589187622,-2.4925060272216797,1.3310142755508423,-2.6344099044799805
1701881426452537600,2.27753759765625,-0.39159584045410156,0.37975013256073,-0.6709117889404297,0.5023145079612732,-2.4898476600646973,1.3312031030654907,-2.6301381587982178
1701881426462130000,2.2871298828125,-0.39330682158470154,0.38166534900665283,-0.6696508526802063,0.5012075901031494,-2.487905979156494,1.3314423561096191,-2.625910997390747
1701881426471723300,2.29672314453125,-0.39481380581855774,0.3834846317768097,-0.6684512495994568,0.5002344846725464,-2.4868321418762207,1.3317946195602417,-2.621326446533203
1701881426481315600,2.306315673828125,-0.39614567160606384,0.3852296769618988,-0.6672950983047485,0.4993835389614105,-2.486543893814087,1.332266926765442,-2.616382122039795
1701881426490907400,2.315907470703125,-0.3972718417644501,0.3868662118911743,-0.666212260723114,0.4986691176891327,-2.487088680267334,1.3328372240066528,-2.6111435890197754
1701881426500499700,2.325499755859375,-0.39822325110435486,0.388395220041275,-0.6652029752731323,0.4980686604976654,-2.4882750511169434,1.3334678411483765,-2.605746030807495
1701881426510093000,2.335093017578125,-0.39899128675460815,0.3897404372692108,-0.6643179655075073,0.49758413434028625,-2.4897918701171875,1.334083914756775,-2.6006436347961426
1701881426519685400,2.344685302734375,-0.39958980679512024,0.3908962309360504,-0.6635860204696655,0.4971736669540405,-2.4915335178375244,1.3345836400985718,-2.595921039581299
1701881426529277200,2.354277099609375,-0.4000602066516876,0.39189308881759644,-0.6629911661148071,0.4968041181564331,-2.493372678756714,1.334942102432251,-2.5915818214416504
1701881426538869500,2.363869384765625,-0.4001421630382538,0.3922584652900696,-0.6627724766731262,0.4967415928840637,-2.4946539402008057,1.3351839780807495,-2.5895490646362305
1701881426548462800,2.373462890625,-0.4004116356372833,0.39279869198799133,-0.662412166595459,0.4965781569480896,-2.495540142059326,1.335482120513916,-2.587289810180664
1701881426558055200,2.38305517578125,-0.40058910846710205,0.39315900206565857,-0.6621123552322388,0.49654966592788696,-2.4961190223693848,1.3358800411224365,-2.5858147144317627
1701881426567647000,2.39264697265625,-0.4006122052669525,0.3932596445083618,-0.661875307559967,0.4967673122882843,-2.4963839054107666,1.336531639099121,-2.5853888988494873
1701881426577239300,2.4022392578125,-0.400485098361969,0.3931903839111328,-0.6616731286048889,0.497193843126297,-2.4967706203460693,1.3374298810958862,-2.5854134559631348
1701881426586832600,2.41183251953125,-0.4001261293888092,0.3929479420185089,-0.661546528339386,0.4978425204753876,-2.4978346824645996,1.3385398387908936,-2.5854756832122803
1701881426596425000,2.421425048828125,-0.3994796574115753,0.3924522399902344,-0.6615368723869324,0.49876466393470764,-2.499546527862549,1.3398743867874146,-2.5858397483825684
1701881426606016800,2.431016845703125,-0.39865773916244507,0.39186593890190125,-0.6615453362464905,0.4998708665370941,-2.501983880996704,1.3414504528045654,-2.5859527587890625
1701881426615609000,2.440609130859375,-0.3976864218711853,0.39126884937286377,-0.6615368127822876,0.501121997833252,-2.505403995513916,1.3432637453079224,-2.5853734016418457
1701881426625202400,2.450202392578125,-0.39645838737487793,0.3905811905860901,-0.6615913510322571,0.5025574564933777,-2.5101733207702637,1.3452575206756592,-2.5840508937835693
1701881426634794800,2.459794677734375,-0.3950616121292114,0.38993626832962036,-0.6616364121437073,0.5040965676307678,-2.5164248943328857,1.3474196195602417,-2.5814692974090576
1701881426644386600,2.469386474609375,-0.3935176730155945,0.38932526111602783,-0.6616703271865845,0.5057292580604553,-2.524003028869629,1.3497329950332642,-2.577759027481079
1701881426653979000,2.478978759765625,-0.3917474150657654,0.3885386288166046,-0.6617772579193115,0.5075653791427612,-2.5323569774627686,1.3522260189056396,-2.5739662647247314
1701881426663572200,2.488572265625,-0.3898871839046478,0.387652188539505,-0.6618810892105103,0.5095362663269043,-2.540935754776001,1.3549058437347412,-2.570274829864502
1701881426673164500,2.49816455078125,-0.38793161511421204,0.38668474555015564,-0.6620064973831177,0.5115968585014343,-2.5499072074890137,1.3576745986938477,-2.5664865970611572
1701881426682756400,2.50775634765625,-0.38581717014312744,0.3855303227901459,-0.6622200012207031,0.5137860774993896,-2.559145450592041,1.360491156578064,-2.5630104541778564
1701881426692348700,2.5173486328125,-0.383597731590271,0.384242445230484,-0.662503182888031,0.5160427093505859,-2.5685551166534424,1.3632956743240356,-2.559751272201538
1701881426701942000,2.52694189453125,-0.3812704384326935,0.38278093934059143,-0.6628704071044922,0.5183767676353455,-2.577911376953125,1.366083025932312,-2.557004451751709
1701881426711534300,2.536534423828125,-0.37896350026130676,0.3812478482723236,-0.6632458567619324,0.520712673664093,-2.5868215560913086,1.3688552379608154,-2.5547707080841064
1701881426721126100,2.546126220703125,-0.376747727394104,0.37969401478767395,-0.6636108160018921,0.5229858756065369,-2.5950114727020264,1.371549129486084,-2.553114652633667
1701881426730718500,2.555718505859375,-0.37462109327316284,0.378123015165329,-0.6640082001686096,0.5251429677009583,-2.6024670600891113,1.3740315437316895,-2.552041530609131
1701881426740311800,2.565311767578125,-0.3726196587085724,0.37659752368927,-0.6644531488418579,0.527096688747406,-2.6092350482940674,1.3761563301086426,-2.551331043243408
1701881426749904100,2.574904052734375,-0.37077295780181885,0.37514448165893555,-0.664962649345398,0.5287898778915405,-2.615192174911499,1.3778207302093506,-2.551008939743042
1701881426759496000,2.584495849609375,-0.36909642815589905,0.3737989366054535,-0.6655450463294983,0.5301811099052429,-2.620389938354492,1.378953456878662,-2.550938367843628
1701881426769088300,2.594088134765625,-0.36720168590545654,0.37218937277793884,-0.6664314270019531,0.5315139889717102,-2.6255619525909424,1.3795725107192993,-2.5516586303710938
1701881426778681600,2.603681640625,-0.3657611310482025,0.3711780607700348,-0.6671397089958191,0.5323253273963928,-2.6308186054229736,1.3796954154968262,-2.5505003929138184
1701881426788274000,2.61327392578125,-0.3643912076950073,0.3703191876411438,-0.6679083704948425,0.5328988432884216,-2.636387348175049,1.3793878555297852,-2.548628091812134
1701881426797865700,2.62286572265625,-0.3630601167678833,0.36955007910728455,-0.6687167286872864,0.5333272814750671,-2.642137289047241,1.3788118362426758,-2.546339750289917
1701881426807458000,2.6324580078125,-0.3617818057537079,0.3688551187515259,-0.6695186495780945,0.5336709022521973,-2.6478803157806396,1.3781205415725708,-2.5438382625579834
1701881426817051400,2.642051513671875,-0.3605744242668152,0.36822593212127686,-0.6702847480773926,0.53396075963974,-2.6534323692321777,1.3774003982543945,-2.541295289993286
1701881426826643700,2.651643798828125,-0.35938897728919983,0.3676019012928009,-0.671019971370697,0.5342664122581482,-2.6588308811187744,1.3767446279525757,-2.5388622283935547
1701881426836235500,2.661235595703125,-0.35820716619491577,0.36697497963905334,-0.6717256307601929,0.5346041917800903,-2.664184808731079,1.3761742115020752,-2.5364747047424316
1701881426845827800,2.670827880859375,-0.35707032680511475,0.36639517545700073,-0.6723647713661194,0.5349588394165039,-2.6694986820220947,1.375718593597412,-2.5339791774749756
1701881426855421200,2.680421142578125,-0.35608983039855957,0.36598408222198486,-0.6728546619415283,0.5352777242660522,-2.6746764183044434,1.3754199743270874,-2.531087875366211
1701881426865013500,2.690013427734375,-0.3552035093307495,0.3656710684299469,-0.673236608505249,0.5356002449989319,-2.679776668548584,1.375275731086731,-2.5279643535614014
1701881426874605300,2.699605224609375,-0.35439303517341614,0.3654268682003021,-0.6735206246376038,0.5359466075897217,-2.6847751140594482,1.375301480293274,-2.524712085723877
1701881426884197600,2.70919775390625,-0.35366594791412354,0.36523234844207764,-0.6737180352210999,0.5363112092018127,-2.6894888877868652,1.3754758834838867,-2.5215320587158203
1701881426893791000,2.718791015625,-0.35308924317359924,0.36518579721450806,-0.6738091707229614,0.5366083383560181,-2.6939713954925537,1.375702977180481,-2.518092632293701
1701881426903383300,2.72838330078125,-0.35264620184898376,0.36524704098701477,-0.6738475561141968,0.5368097424507141,-2.6980459690093994,1.3758693933486938,-2.5146586894989014
1701881426912975000,2.73797509765625,-0.3522055745124817,0.3652501106262207,-0.673934280872345,0.5369880795478821,-2.7016823291778564,1.3759404420852661,-2.511749505996704
1701881426922567400,2.7475673828125,-0.35184332728385925,0.36528104543685913,-0.6740289330482483,0.5370856523513794,-2.704801082611084,1.375890851020813,-2.5091748237609863
1701881426932160800,2.757160888671875,-0.3514705300331116,0.3652271628379822,-0.6741992831230164,0.5371525883674622,-2.707378625869751,1.3756998777389526,-2.5072906017303467
1701881426941753000,2.766753173828125,-0.3510580062866211,0.36505037546157837,-0.6744570732116699,0.5372189283370972,-2.7094180583953857,1.37539541721344,-2.506206512451172
1701881426951345000,2.776344970703125,-0.3506371080875397,0.36480650305747986,-0.6747782826423645,0.537256121635437,-2.71101975440979,1.3749685287475586,-2.5056774616241455
1701881426960937200,2.785937255859375,-0.35011130571365356,0.3644067049026489,-0.6751888394355774,0.5373545289039612,-2.7124435901641846,1.3745086193084717,-2.505753755569458
1701881426970530600,2.795530517578125,-0.3493397831916809,0.3636830747127533,-0.6757487654685974,0.5376429557800293,-2.71380615234375,1.3741178512573242,-2.506833791732788
1701881426980123000,2.805122802734375,-0.3484540581703186,0.36275067925453186,-0.6763626933097839,0.5380754470825195,-2.7148280143737793,1.3738682270050049,-2.5087926387786865
1701881426989714400,2.81471435546875,-0.3475140333175659,0.36158129572868347,-0.6769945621490479,0.5386755466461182,-2.7148993015289307,1.3738566637039185,-2.512193202972412
1701881426999307000,2.82430712890625,-0.34652552008628845,0.3601091504096985,-0.677632749080658,0.5394954681396484,-2.7135977745056152,1.374181866645813,-2.517559289932251
1701881427008900400,2.833900390625,-0.34502509236335754,0.3577590584754944,-0.678571879863739,0.5408385992050171,-2.7109503746032715,1.374868392944336,-2.526566982269287
1701881427018492700,2.84349267578125,-0.3436315059661865,0.3554019331932068,-0.6793921589851379,0.5422482490539551,-2.7074742317199707,1.3758238554000854,-2.536243200302124
1701881427028084200,2.853084228515625,-0.34208208322525024,0.3528418242931366,-0.6802589297294617,0.5438109040260315,-2.7039430141448975,1.376927375793457,-2.5465567111968994
1701881427037676800,2.8626767578125,-0.3403935432434082,0.35018473863601685,-0.6811743378639221,0.5454396605491638,-2.7008368968963623,1.3780415058135986,-2.556816577911377
1701881427047270100,2.872270263671875,-0.338471382856369,0.3475419282913208,-0.6821230053901672,0.547137975692749,-2.6996710300445557,1.3791755437850952,-2.565479278564453
1701881427056862500,2.881862548828125,-0.336393803358078,0.3447750508785248,-0.6831600666046143,0.5488731265068054,-2.698871612548828,1.380228042602539,-2.5742075443267822
1701881427066454000,2.8914541015625,-0.3342519998550415,0.3417963683605194,-0.6842447519302368,0.5506904125213623,-2.6971490383148193,1.3813376426696777,-2.5842905044555664
1701881427076046600,2.901046630859375,-0.33194276690483093,0.33873251080513,-0.6853314638137817,0.5526255965232849,-2.6962170600891113,1.382598638534546,-2.5939786434173584
1701881427085640000,2.910639892578125,-0.3296259939670563,0.3358440399169922,-0.686471700668335,0.5543573498725891,-2.6963508129119873,1.3834776878356934,-2.6022889614105225
1701881427095232300,2.920232177734375,-0.32729625701904297,0.3329940438270569,-0.6875981688499451,0.556058406829834,-2.6968002319335938,1.3843271732330322,-2.610222101211548
1701881427104823800,2.92982373046875,-0.32515454292297363,0.3303075134754181,-0.688556969165802,0.5577282309532166,-2.696781635284424,1.385367512702942,-2.6180479526519775
1701881427114416400,2.93941650390625,-0.32320162653923035,0.3279544711112976,-0.6892611384391785,0.5593796968460083,-2.697477102279663,1.3867335319519043,-2.6243221759796143
1701881427124009700,2.949009765625,-0.3214028775691986,0.3257785737514496,-0.6898402571678162,0.5609714388847351,-2.698056697845459,1.3881897926330566,-2.630173444747925
1701881427133602000,2.95860205078125,-0.31980255246162415,0.3238680362701416,-0.6903115510940552,0.5624107122421265,-2.69872784614563,1.389578104019165,-2.63517689704895
1701881427143193600,2.968193603515625,-0.31847667694091797,0.32231685519218445,-0.6906580328941345,0.5636274814605713,-2.699497699737549,1.390823245048523,-2.6390552520751953
1701881427152786200,2.9777861328125,-0.31748366355895996,0.3211930990219116,-0.6908679604530334,0.5645711421966553,-2.7003495693206787,1.391870141029358,-2.641624927520752
1701881427162379500,2.987379638671875,-0.3167678713798523,0.32041168212890625,-0.6909728646278381,0.5652884244918823,-2.7011828422546387,1.3927420377731323,-2.6432156562805176
1701881427171971800,2.996971923828125,-0.3162544369697571,0.3198853135108948,-0.6910218596458435,0.5658138394355774,-2.7020325660705566,1.393418312072754,-2.6440513134002686
1701881427181563400,3.0065634765625,-0.3159427344799042,0.3195481598377228,-0.6910305023193359,0.5661678314208984,-2.7024364471435547,1.3939098119735718,-2.644702196121216
1701881427191156000,3.016156005859375,-0.31581100821495056,0.31930065155029297,-0.6910062432289124,0.5664105415344238,-2.7018799781799316,1.3942934274673462,-2.645879030227661
1701881427200749300,3.025749267578125,-0.3159048855304718,0.3191782236099243,-0.6909167766571045,0.5665363073348999,-2.7002203464508057,1.3946073055267334,-2.6475982666015625
1701881427210341600,3.035341552734375,-0.3161863088607788,0.31913936138153076,-0.6907896995544434,0.5665562152862549,-2.6974871158599854,1.3948274850845337,-2.6499557495117188
1701881427219933200,3.04493310546875,-0.3166540861129761,0.3191753029823303,-0.6906463503837585,0.5664494037628174,-2.6936192512512207,1.3948924541473389,-2.653024435043335
1701881427229525800,3.05452587890625,-0.31727346777915955,0.31932827830314636,-0.6904924511909485,0.5662041902542114,-2.6892359256744385,1.3947750329971313,-2.6561737060546875
1701881427239119000,3.064119140625,-0.3180401921272278,0.3196548521518707,-0.6903012990951538,0.5658227205276489,-2.6847996711730957,1.3945142030715942,-2.658858299255371
1701881427248711400,3.07371142578125,-0.3185461163520813,0.31973910331726074,-0.6902675628662109,0.5655316114425659,-2.6809146404266357,1.3941556215286255,-2.6617870330810547
1701881427258303000,3.083302978515625,-0.3194010257720947,0.3203948736190796,-0.6900100111961365,0.5649922490119934,-2.6780879497528076,1.3937574625015259,-2.662188768386841
1701881427267895600,3.0928955078125,-0.320261150598526,0.32124051451683044,-0.6896646618843079,0.5644465684890747,-2.67659330368042,1.3934733867645264,-2.6609511375427246
1701881427277489000,3.102489013671875,-0.32106730341911316,0.32225725054740906,-0.6892443895339966,0.5639221668243408,-2.676809787750244,1.3933231830596924,-2.657820224761963
1701881427287081200,3.112081298828125,-0.32185810804367065,0.32346364855766296,-0.6887566447257996,0.5633763670921326,-2.678523063659668,1.393234372138977,-2.652913808822632
1701881427296672800,3.1216728515625,-0.3227744698524475,0.3249625563621521,-0.6881798505783081,0.5626938939094543,-2.6812198162078857,1.3930710554122925,-2.6463496685028076
1701881427306265300,3.131265380859375,-0.32368528842926025,0.32656535506248474,-0.6876594424247742,0.5618784427642822,-2.684657573699951,1.3926329612731934,-2.6388707160949707
1701881427315858700,3.140858642578125,-0.3245318531990051,0.3281335234642029,-0.6872740983963013,0.5609471797943115,-2.688314914703369,1.391831636428833,-2.6313085556030273
1701881427325451000,3.150450927734375,-0.3253149390220642,0.32962778210639954,-0.6869949698448181,0.5599586367607117,-2.691898822784424,1.3907935619354248,-2.624025583267212
1701881427335042600,3.16004248046875,-0.3260689973831177,0.3310343027114868,-0.6867606043815613,0.5589768886566162,-2.695039987564087,1.38969886302948,-2.6173648834228516
1701881427344635100,3.16963525390625,-0.3268696367740631,0.33236005902290344,-0.6865160465240479,0.5580222010612488,-2.6971728801727295,1.3886610269546509,-2.6117665767669678
1701881427354228500,3.179228515625,-0.3278336524963379,0.3336787521839142,-0.6861943006515503,0.5570645928382874,-2.6978466510772705,1.3877366781234741,-2.607377767562866
1701881427363820800,3.18882080078125,-0.32891717553138733,0.3349178433418274,-0.6858087778091431,0.5561563372612,-2.696974277496338,1.386985182762146,-2.6044747829437256
1701881427373412400,3.198412353515625,-0.33009999990463257,0.3360859751701355,-0.685347318649292,0.5553190112113953,-2.6948206424713135,1.3864524364471436,-2.602813720703125
1701881427383005000,3.2080048828125,-0.33137550950050354,0.33721572160720825,-0.6848006844520569,0.5545483231544495,-2.6916775703430176,1.3861443996429443,-2.602062225341797
1701881427392598300,3.217598388671875,-0.3327832520008087,0.33836424350738525,-0.6841466426849365,0.5538125038146973,-2.6875979900360107,1.3860441446304321,-2.6020092964172363
1701881427402190600,3.227190673828125,-0.33447229862213135,0.33928728103637695,-0.6834887266159058,0.5530421137809753,-2.679584503173828,1.3859282732009888,-2.605794668197632
1701881427411782100,3.2367822265625,-0.3364839553833008,0.3401334881782532,-0.6827940344810486,0.5521594882011414,-2.6683013439178467,1.385715365409851,-2.6124417781829834
1701881427421374700,3.246374755859375,-0.3385407626628876,0.3412405848503113,-0.6820207834243774,0.5511738657951355,-2.6584312915802,1.3854460716247559,-2.6171703338623047
1701881427430968000,3.255968017578125,-0.34013640880584717,0.3420853614807129,-0.6814202666282654,0.5504100918769836,-2.650690793991089,1.3852334022521973,-2.6209402084350586
1701881427440560400,3.265560302734375,-0.34121349453926086,0.3428916037082672,-0.680836021900177,0.5499645471572876,-2.6471128463745117,1.3854354619979858,-2.621469259262085
1701881427450152000,3.27515185546875,-0.3422083854675293,0.34376585483551025,-0.6800532937049866,0.5497689843177795,-2.644747018814087,1.386271357536316,-2.6208393573760986
1701881427459744500,3.28474462890625,-0.3434906601905823,0.3447880744934082,-0.6789916157722473,0.549641489982605,-2.6409828662872314,1.3876025676727295,-2.6209232807159424
1701881427469337900,3.294337890625,-0.34485021233558655,0.3459063172340393,-0.6778145432472229,0.5495404005050659,-2.6372077465057373,1.3891339302062988,-2.620741605758667
1701881427478930200,3.30393017578125,-0.3458006978034973,0.34678196907043457,-0.6769071221351624,0.5495096445083618,-2.6352202892303467,1.3903789520263672,-2.6198155879974365
1701881427488521700,3.313521728515625,-0.34676799178123474,0.3480430841445923,-0.6760750412940979,0.5491270422935486,-2.6357600688934326,1.391013503074646,-2.6156725883483887
1701881427498114300,3.3231142578125,-0.3475068211555481,0.3493247926235199,-0.6754651069641113,0.5485965013504028,-2.638397693634033,1.3911172151565552,-2.6097404956817627
1701881427507707600,3.332707763671875,-0.34802547097206116,0.35052570700645447,-0.6750109791755676,0.548060417175293,-2.64235258102417,1.3909845352172852,-2.602968454360962
1701881427517300000,3.342300048828125,-0.3485068678855896,0.35173481702804565,-0.6745808124542236,0.5475091338157654,-2.646669387817383,1.3907886743545532,-2.5958752632141113
1701881427526891500,3.3518916015625,-0.3489985167980194,0.3528960347175598,-0.6742041707038879,0.5469123721122742,-2.650519847869873,1.3904496431350708,-2.589301347732544
1701881427536484000,3.361484130859375,-0.3496045470237732,0.35402995347976685,-0.6738607287406921,0.546215295791626,-2.6531269550323486,1.3899234533309937,-2.583815813064575
1701881427546077400,3.371077392578125,-0.35033881664276123,0.3551665246486664,-0.6734999418258667,0.5454514622688293,-2.654606342315674,1.3893309831619263,-2.579237461090088
1701881427555669800,3.380669677734375,-0.3511490225791931,0.35626962780952454,-0.673101007938385,0.54470294713974,-2.6551973819732666,1.3888181447982788,-2.5754780769348145
1701881427565261300,3.39026123046875,-0.3519735336303711,0.3573693633079529,-0.672640860080719,0.5440183877944946,-2.655674457550049,1.3884844779968262,-2.571821689605713
1701881427574854000,3.39985400390625,-0.3527836203575134,0.35843539237976074,-0.6721238493919373,0.5434310436248779,-2.6560909748077393,1.3883687257766724,-2.5683138370513916
1701881427584447200,3.409447265625,-0.35364773869514465,0.35949721932411194,-0.6714744567871094,0.542970597743988,-2.6561124324798584,1.3886245489120483,-2.5651357173919678
1701881427594039600,3.41903955078125,-0.35452166199684143,0.36059585213661194,-0.6706539988517761,0.5426861047744751,-2.656450033187866,1.3893696069717407,-2.5615880489349365
1701881427603631000,3.428631103515625,-0.3554520010948181,0.361846387386322,-0.6696486473083496,0.5424866676330566,-2.657494068145752,1.3904908895492554,-2.5570080280303955
1701881427613223700,3.4382236328125,-0.35631802678108215,0.36310243606567383,-0.6686037182807922,0.5423681139945984,-2.6592259407043457,1.3917757272720337,-2.5518412590026855
1701881427622817000,3.447817138671875,-0.357078492641449,0.3642542064189911,-0.6676673293113708,0.5422492027282715,-2.6611359119415283,1.3929039239883423,-2.5468318462371826
1701881427632409300,3.457409423828125,-0.35772696137428284,0.3653144836425781,-0.6669139862060547,0.5420355200767517,-2.6632750034332275,1.39363431930542,-2.5419058799743652
1701881427642001000,3.4670009765625,-0.35823550820350647,0.36635276675224304,-0.6663098931312561,0.541741669178009,-2.6663918495178223,1.3940263986587524,-2.5362493991851807
1701881427651593500,3.476593505859375,-0.35862699151039124,0.3674089014530182,-0.665745198726654,0.541461706161499,-2.6706745624542236,1.3943663835525513,-2.529588460922241
1701881427661186800,3.486186767578125,-0.3587590456008911,0.36824551224708557,-0.6650834083557129,0.5416191220283508,-2.676042318344116,1.3954522609710693,-2.522672414779663
1701881427670779100,3.495779052734375,-0.35887348651885986,0.3690114915370941,-0.6644298434257507,0.5418241024017334,-2.6811583042144775,1.3965938091278076,-2.516157865524292
1701881427680370700,3.50537060546875,-0.35912880301475525,0.3698830008506775,-0.6637617349624634,0.5418795347213745,-2.6857550144195557,1.3975427150726318,-2.509742021560669
1701881427689963300,3.51496337890625,-0.35948312282562256,0.37081658840179443,-0.6630935668945312,0.5418245792388916,-2.689887285232544,1.398335337638855,-2.503514289855957
1701881427699556600,3.524556640625,-0.3598898947238922,0.3717486560344696,-0.6624154448509216,0.5417453050613403,-2.6935689449310303,1.399110198020935,-2.497649669647217
1701881427709149000,3.53414892578125,-0.36023032665252686,0.3726474344730377,-0.6617224812507629,0.5417484045028687,-2.6977345943450928,1.4000136852264404,-2.4914724826812744
1701881427718740500,3.543740478515625,-0.3602767884731293,0.3731784522533417,-0.6611656546592712,0.5420317649841309,-2.7020277976989746,1.4011269807815552,-2.4862775802612305
1701881427728333000,3.5533330078125,-0.3604409098625183,0.37392064929008484,-0.6604716181755066,0.5422572493553162,-2.706968069076538,1.4023334980010986,-2.4798927307128906
1701881427737926400,3.562926513671875,-0.3605492115020752,0.37459424138069153,-0.6597787141799927,0.542563796043396,-2.712068557739258,1.4036492109298706,-2.473559856414795
1701881427747518700,3.572518798828125,-0.36063680052757263,0.3751697242259979,-0.6591106653213501,0.5429198145866394,-2.716728925704956,1.4050074815750122,-2.467865467071533
1701881427757110300,3.5821103515625,-0.3607262372970581,0.37575045228004456,-0.6583965420722961,0.5433250665664673,-2.721606969833374,1.4064946174621582,-2.461947202682495
1701881427766702800,3.591702880859375,-0.36082935333251953,0.37628039717674255,-0.6576846837997437,0.5437518954277039,-2.7260818481445312,1.4080168008804321,-2.456495523452759
1701881427776296000,3.6012958984375,-0.3608820140361786,0.3767353892326355,-0.6570063233375549,0.5442217588424683,-2.7305526733398438,1.4095525741577148,-2.4512557983398438
1701881427785888500,3.610888427734375,-0.3609424829483032,0.3771685063838959,-0.6563504934310913,0.5446727871894836,-2.734813690185547,1.4110320806503296,-2.4462461471557617
1701881427795480000,3.62047998046875,-0.3609755039215088,0.37763509154319763,-0.6557061672210693,0.5451035499572754,-2.7396504878997803,1.4124507904052734,-2.4406468868255615
1701881427805072600,3.63007275390625,-0.36092105507850647,0.3780474066734314,-0.6551244854927063,0.5455530285835266,-2.744931936264038,1.4137965440750122,-2.434835195541382
1701881427814665700,3.639665771484375,-0.36083468794822693,0.37849971652030945,-0.6545610427856445,0.5459726452827454,-2.7508749961853027,1.415053367614746,-2.428342580795288
1701881427824258300,3.64925830078125,-0.36068597435951233,0.378972589969635,-0.6540068984031677,0.5464068055152893,-2.7577097415924072,1.4162909984588623,-2.421027183532715
1701881427833849900,3.658849853515625,-0.3605597913265228,0.37945377826690674,-0.6534508466720581,0.5468212366104126,-2.7644736766815186,1.4175002574920654,-2.413728952407837
1701881427843442400,3.6684423828125,-0.3603886663913727,0.37997007369995117,-0.6528863310813904,0.5472496151924133,-2.772127389907837,1.418711543083191,-2.4055569171905518
1701881427853035500,3.678035400390625,-0.36025795340538025,0.3806767165660858,-0.6522412896156311,0.5476136803627014,-2.7811241149902344,1.4198960065841675,-2.395656108856201
1701881427862628000,3.687628173828125,-0.3601258397102356,0.38158881664276123,-0.6515378952026367,0.5479030609130859,-2.791980266571045,1.4209847450256348,-2.3835506439208984
1701881427872219600,3.6972197265625,-0.35995492339134216,0.3826386034488678,-0.6507496237754822,0.5482199192047119,-2.8047924041748047,1.4221545457839966,-2.3693268299102783
1701881427881812200,3.706812255859375,-0.35972192883491516,0.383858323097229,-0.6498624086380005,0.5485725402832031,-2.82019305229187,1.423406720161438,-2.352337598800659
1701881427891405300,3.7164052734375,-0.35942867398262024,0.3851175904273987,-0.648939311504364,0.5489746928215027,-2.8370256423950195,1.4247018098831177,-2.333950996398926
1701881427900998000,3.725997802734375,-0.35911938548088074,0.38619181513786316,-0.6481476426124573,0.5493575930595398,-2.8523483276367188,1.4258077144622803,-2.317401170730591
1701881427910589400,3.73558935546875,-0.3588286340236664,0.38710761070251465,-0.6475335359573364,0.5496271252632141,-2.865553855895996,1.4265505075454712,-2.303185224533081
1701881427920182000,3.74518212890625,-0.35861530900001526,0.3880256414413452,-0.6469947695732117,0.5497535467147827,-2.8774912357330322,1.4270007610321045,-2.290090560913086
1701881427929775000,3.754775146484375,-0.3582920432090759,0.3887094557285309,-0.6465939283370972,0.5499527454376221,-2.888427972793579,1.4273918867111206,-2.2785685062408447
1701881427939367700,3.76436767578125,-0.3579180836677551,0.38941293954849243,-0.6461769342422485,0.5501886606216431,-2.900275945663452,1.4278066158294678,-2.266188621520996
1701881427948959200,3.773959228515625,-0.35735610127449036,0.38979655504226685,-0.6459610462188721,0.5505356788635254,-2.911087989807129,1.428138256072998,-2.2556893825531006
1701881427958551800,3.7835517578125,-0.3569480776786804,0.39025136828422546,-0.6456832885742188,0.5508039593696594,-2.920928478240967,1.4284706115722656,-2.245785713195801
1701881427968145000,3.793144775390625,-0.35658717155456543,0.3907160758972168,-0.6453537344932556,0.5510944724082947,-2.930671215057373,1.4289058446884155,-2.235888957977295
1701881427977737500,3.802737548828125,-0.3562038242816925,0.3911900818347931,-0.6449753046035767,0.5514490604400635,-2.9411799907684326,1.4294615983963013,-2.2252535820007324
1701881427987329000,3.8123291015625,-0.356022447347641,0.3918564021587372,-0.6445071697235107,0.5516403913497925,-2.951082229614258,1.4299086332321167,-2.214560031890869
1701881427996921600,3.821921630859375,-0.35597410798072815,0.39252862334251404,-0.6440442800521851,0.551734209060669,-2.9593582153320312,1.4302712678909302,-2.205256223678589
1701881428006514700,3.8315146484375,-0.356105238199234,0.39315688610076904,-0.6436486840248108,0.5516639351844788,-2.9645955562591553,1.43043851852417,-2.198756217956543
1701881428016107300,3.841107177734375,-0.35658183693885803,0.3938399851322174,-0.643304705619812,0.5512698888778687,-2.9653618335723877,1.4302626848220825,-2.1960411071777344
1701881428025698800,3.85069873046875,-0.35723328590393066,0.39500507712364197,-0.642781674861908,0.5506242513656616,-2.968149185180664,1.4298272132873535,-2.1901915073394775
1701881428035291400,3.86029150390625,-0.35771211981773376,0.39625075459480286,-0.642084002494812,0.5502321720123291,-2.974990129470825,1.429810643196106,-2.1804580688476562
1701881428044884500,3.869884521484375,-0.35807353258132935,0.39703476428985596,-0.6415117383003235,0.5500994324684143,-2.9796698093414307,1.4301512241363525,-2.173872232437134
1701881428054477000,3.87947705078125,-0.35857877135276794,0.3975493907928467,-0.6412187218666077,0.549740195274353,-2.978637218475342,1.4300602674484253,-2.1731884479522705
1701881428064068600,3.889068603515625,-0.35950562357902527,0.3981858789920807,-0.6411017179489136,0.5488098859786987,-2.9714488983154297,1.429158091545105,-2.1777098178863525
1701881428073661200,3.8986611328125,-0.3604179620742798,0.3985574543476105,-0.641183614730835,0.5478452444076538,-2.9613866806030273,1.428080439567566,-2.1855640411376953
1701881428083254300,3.908254150390625,-0.36152881383895874,0.399186372756958,-0.6413799524307251,0.5464237928390503,-2.949521780014038,1.4262076616287231,-2.19441556930542
1701881428092846800,3.917846923828125,-0.36246106028556824,0.39984130859375,-0.6415554285049438,0.5451197624206543,-2.9403767585754395,1.4243978261947632,-2.2008023262023926
1701881428102438400,3.9274384765625,-0.3632243275642395,0.3998800814151764,-0.6421270370483398,0.5439088940620422,-2.9270641803741455,1.422400712966919,-2.21266770362854
1701881428112031000,3.937031005859375,-0.363939493894577,0.39956241846084595,-0.642939567565918,0.5427030920982361,-2.910945415496826,1.420212745666504,-2.228010416030884
1701881428121624000,3.9466240234375,-0.364534854888916,0.398865282535553,-0.6439151167869568,0.5416586995124817,-2.8934171199798584,1.4181033372879028,-2.245607376098633
1701881428131216600,3.956216552734375,-0.36519160866737366,0.3980737328529358,-0.6448888182640076,0.5406392812728882,-2.8751156330108643,1.4160510301589966,-2.2640345096588135
1701881428140808200,3.96580810546875,-0.365787148475647,0.39730846881866455,-0.6457812190055847,0.5397335886955261,-2.858591318130493,1.414177417755127,-2.2807507514953613
1701881428150400800,3.97540087890625,-0.3662557899951935,0.3966539800167084,-0.6464770436286926,0.5390637516975403,-2.8455822467803955,1.4127607345581055,-2.294001340866089
1701881428159993900,3.984993896484375,-0.366466224193573,0.3960553705692291,-0.6470166444778442,0.5387133955955505,-2.836794137954712,1.4118520021438599,-2.303398370742798
1701881428169586400,3.99458642578125,-0.36648961901664734,0.39554131031036377,-0.6473949551582336,0.53862065076828,-2.831488847732544,1.411405324935913,-2.3095078468322754
1701881428179178000,4.004177978515625,-0.3665071129798889,0.3951225280761719,-0.6477050185203552,0.5385434031486511,-2.8271970748901367,1.4110331535339355,-2.314457654953003
1701881428188770600,4.0137705078125,-0.36663633584976196,0.39483755826950073,-0.6480662226676941,0.5382298231124878,-2.822266101837158,1.410253882408142,-2.319611072540283
1701881428198363600,4.02336376953125,-0.3670716881752014,0.39500299096107483,-0.6482155919075012,0.5376314520835876,-2.81781268119812,1.4093198776245117,-2.323002576828003
1701881428207956200,4.032956298828125,-0.367350697517395,0.39497262239456177,-0.6482922434806824,0.5373706817626953,-2.814246654510498,1.4089621305465698,-2.3261306285858154
1701881428217547800,4.0425478515625,-0.3675512969493866,0.39492911100387573,-0.6482638716697693,0.5372996926307678,-2.8119521141052246,1.4089869260787964,-2.3281610012054443
1701881428227140400,4.052140380859375,-0.3679947555065155,0.39542320370674133,-0.6479785442352295,0.5369768738746643,-2.8115108013153076,1.4089181423187256,-2.327017068862915
1701881428236733400,4.0617333984375,-0.3683752715587616,0.39586296677589417,-0.6476986408233643,0.5367295742034912,-2.8113906383514404,1.4089429378509521,-2.325753927230835
1701881428246326000,4.071325927734375,-0.3687061369419098,0.3963805139064789,-0.6473509073257446,0.5365399122238159,-2.8125975131988525,1.4090964794158936,-2.323122262954712
1701881428255917600,4.08091748046875,-0.36898577213287354,0.39702150225639343,-0.6469507217407227,0.5363563895225525,-2.815356969833374,1.4092694520950317,-2.3188159465789795
1701881428265510100,4.09051025390625,-0.36910566687583923,0.39764145016670227,-0.6465798616409302,0.536261796951294,-2.819586753845215,1.4094730615615845,-2.3133459091186523
1701881428275103200,4.100103271484375,-0.3690515160560608,0.3981824517250061,-0.6462491750717163,0.5362962484359741,-2.82505202293396,1.409760594367981,-2.307072639465332
1701881428284695800,4.10969580078125,-0.36884620785713196,0.39865806698799133,-0.6459364891052246,0.5364608764648438,-2.8317127227783203,1.4101639986038208,-2.299975872039795
1701881428294287400,4.119287353515625,-0.3684951663017273,0.3990083336830139,-0.6456797122955322,0.5367507934570312,-2.838977813720703,1.4106470346450806,-2.2927379608154297
1701881428303880000,4.1288798828125,-0.3680013120174408,0.3992103636264801,-0.6455196738243103,0.5371317267417908,-2.8464713096618652,1.4111156463623047,-2.285762071609497
1701881428313473000,4.13847314453125,-0.3675324618816376,0.39947760105133057,-0.6453437805175781,0.5374652743339539,-2.854192018508911,1.4115160703659058,-2.278402805328369
1701881428323065600,4.148065673828125,-0.3670426905155182,0.3998052179813385,-0.6451680660247803,0.537767231464386,-2.862525224685669,1.4118309020996094,-2.270359992980957
1701881428332657200,4.1576572265625,-0.3666057586669922,0.40025821328163147,-0.6449460983276367,0.5379945039749146,-2.871278762817383,1.412066102027893,-2.261591672897339
1701881428342249700,4.167249755859375,-0.36623990535736084,0.4007200300693512,-0.6447528004646301,0.538131594657898,-2.8791306018829346,1.4121562242507935,-2.253582239151001
1701881428351842800,4.1768427734375,-0.366028368473053,0.4011891186237335,-0.6445693969726562,0.5381457209587097,-2.8852319717407227,1.4121226072311401,-2.2470433712005615
1701881428361435400,4.186435302734375,-0.36597898602485657,0.40172910690307617,-0.6443774700164795,0.5380062460899353,-2.8899457454681396,1.4119281768798828,-2.2414896488189697
1701881428371027000,4.19602685546875,-0.3660387098789215,0.4023050367832184,-0.6441838145256042,0.5377671122550964,-2.8936235904693604,1.411633014678955,-2.2367208003997803
1701881428380619500,4.20561962890625,-0.3662172853946686,0.40296071767807007,-0.6439598202705383,0.5374228358268738,-2.896570920944214,1.4112521409988403,-2.232342004776001
1701881428390212600,4.215212646484375,-0.3665471076965332,0.4037091135978699,-0.643693208694458,0.5369555354118347,-2.8985679149627686,1.410789132118225,-2.2284951210021973
1701881428399805200,4.22480517578125,-0.36695003509521484,0.40452840924263,-0.6434273719787598,0.5363819599151611,-2.900090456008911,1.4101811647415161,-2.2248692512512207
1701881428409396700,4.234396728515625,-0.3672575354576111,0.40524616837501526,-0.6432384252548218,0.5358560681343079,-2.901623010635376,1.4095369577407837,-2.221564292907715
1701881428418989300,4.2439892578125,-0.3673887848854065,0.4057040512561798,-0.6431775689125061,0.5354925990104675,-2.9029195308685303,1.4089773893356323,-2.2192389965057373
1701881428428582400,4.25358251953125,-0.36759722232818604,0.4062061011791229,-0.6430844068527222,0.53508061170578,-2.9037814140319824,1.4084107875823975,-2.2171406745910645
1701881428438175000,4.263175048828125,-0.3677278459072113,0.40657150745391846,-0.6430498361587524,0.5347548723220825,-2.904416561126709,1.4079105854034424,-2.215636968612671
1701881428447766500,4.2727666015625,-0.3679080009460449,0.4069412052631378,-0.6429641842842102,0.5344526171684265,-2.9048523902893066,1.4075298309326172,-2.2142462730407715
1701881428457359000,4.282359130859375,-0.36806488037109375,0.4071362018585205,-0.6429307460784912,0.5342362523078918,-2.9043209552764893,1.407267451286316,-2.2141659259796143
1701881428466952200,4.2919521484375,-0.3682832419872284,0.40725773572921753,-0.6429319381713867,0.5339916348457336,-2.9025182723999023,1.4069850444793701,-2.2153759002685547
1701881428476544800,4.301544677734375,-0.3686041533946991,0.4074034094810486,-0.6429106593132019,0.5336846709251404,-2.899860143661499,1.4066874980926514,-2.2172248363494873
1701881428486136300,4.31113623046875,-0.3689230680465698,0.4074596166610718,-0.642952024936676,0.5333714485168457,-2.896378755569458,1.4063369035720825,-2.2200493812561035
1701881428495729000,4.32072900390625,-0.3693930208683014,0.40768471360206604,-0.6428977847099304,0.5329394340515137,-2.892716884613037,1.4059460163116455,-2.222508430480957
1701881428505322000,4.330322021484375,-0.36985480785369873,0.40787234902381897,-0.6428733468055725,0.5325048565864563,-2.888779640197754,1.4055230617523193,-2.2253177165985107
1701881428514914600,4.33991455078125,-0.3703050911426544,0.4080420732498169,-0.6428547501564026,0.5320841670036316,-2.884854793548584,1.405112624168396,-2.2281644344329834
1701881428524506000,4.349506103515625,-0.3707222640514374,0.4081481099128723,-0.6428609490394592,0.5317047834396362,-2.8808279037475586,1.4047365188598633,-2.2312803268432617
1701881428534098700,4.3590986328125,-0.3710935413837433,0.4081225097179413,-0.6429251432418823,0.5313876271247864,-2.8762881755828857,1.4044008255004883,-2.2352120876312256
1701881428543691800,4.36869189453125,-0.371378093957901,0.4078959822654724,-0.6430851221084595,0.5311691761016846,-2.871098041534424,1.4041178226470947,-2.240288257598877
1701881428553284400,4.378284423828125,-0.371603786945343,0.40750959515571594,-0.6433465480804443,0.5309913158416748,-2.8651373386383057,1.4037915468215942,-2.246504306793213
1701881428562876000,4.3878759765625,-0.37176039814949036,0.407009482383728,-0.6437004208564758,0.5308364033699036,-2.858818292617798,1.4033839702606201,-2.2533862590789795
1701881428572468500,4.397468505859375,-0.3718315064907074,0.4063904285430908,-0.6441324353218079,0.5307368040084839,-2.8523781299591064,1.402951717376709,-2.2607345581054688
1701881428582061600,4.4070615234375,-0.3718566596508026,0.40573740005493164,-0.6446256041526794,0.5306199789047241,-2.845947265625,1.4023995399475098,-2.268203020095825
1701881428591654100,4.416654052734375,-0.37189942598342896,0.40517479181289673,-0.6450924277305603,0.5304526090621948,-2.8399977684020996,1.4017783403396606,-2.27500319480896
1701881428601245700,4.42624560546875,-0.3718980848789215,0.40479516983032227,-0.6455072164535522,0.5302387475967407,-2.8358092308044434,1.4010697603225708,-2.279799699783325
1701881428610838300,4.43583837890625,-0.37183457612991333,0.40455734729766846,-0.6458697319030762,0.5300232768058777,-2.8333349227905273,1.4003478288650513,-2.282745599746704
1701881428620431400,4.445431396484375,-0.37170472741127014,0.40435412526130676,-0.6461969017982483,0.5298706293106079,-2.831936836242676,1.3997207880020142,-2.284675359725952
1701881428630024000,4.45502392578125,-0.37150344252586365,0.40411999821662903,-0.6464881896972656,0.5298351049423218,-2.8313043117523193,1.3992863893508911,-2.2860233783721924
1701881428639615500,4.464615478515625,-0.3713044822216034,0.40390545129776,-0.6466876864433289,0.5298947095870972,-2.8312160968780518,1.3991011381149292,-2.286803960800171
1701881428649208000,4.4742080078125,-0.37107983231544495,0.40361449122428894,-0.6468408107757568,0.530086874961853,-2.831216335296631,1.399180293083191,-2.287684917449951
1701881428658801200,4.48380126953125,-0.37082985043525696,0.40317630767822266,-0.6470382213592529,0.5303542017936707,-2.830463171005249,1.3993464708328247,-2.289616107940674
1701881428668393700,4.493393798828125,-0.37077584862709045,0.4028500020503998,-0.6471415162086487,0.5305138826370239,-2.8287463188171387,1.399526834487915,-2.2919888496398926
1701881428677985300,4.5029853515625,-0.3707335293292999,0.40244990587234497,-0.6472659111022949,0.5306953191757202,-2.826397657394409,1.3997389078140259,-2.295100688934326
1701881428687577900,4.512577880859375,-0.37073034048080444,0.402099609375,-0.6473667621612549,0.5308400988578796,-2.8240232467651367,1.399928092956543,-2.298086404800415
1701881428697171000,4.5221708984375,-0.37069475650787354,0.4017736315727234,-0.6474642157554626,0.5309928059577942,-2.8221280574798584,1.400110125541687,-2.300605058670044
1701881428706763500,4.531763427734375,-0.37056800723075867,0.40147241950035095,-0.6475788354873657,0.5311693549156189,-2.821228504180908,1.400259017944336,-2.3022396564483643
1701881428716355000,4.54135498046875,-0.3704214096069336,0.40128931403160095,-0.6476340293884277,0.531342625617981,-2.8214714527130127,1.4004340171813965,-2.302565574645996
1701881428725947600,4.55094775390625,-0.37023550271987915,0.4011676609516144,-0.6476350426673889,0.531562864780426,-2.822725296020508,1.4007116556167603,-2.301849365234375
1701881428735540700,4.560540771484375,-0.369996577501297,0.40112942457199097,-0.6475964188575745,0.5318050384521484,-2.8251893520355225,1.4010231494903564,-2.299872398376465
1701881428745133300,4.57013330078125,-0.3698298931121826,0.4012846052646637,-0.6474618911743164,0.5319676399230957,-2.8284482955932617,1.4013105630874634,-2.2966487407684326
1701881428754724900,4.579724853515625,-0.3696613907814026,0.4015083611011505,-0.6472924947738647,0.5321220755577087,-2.832289218902588,1.4016062021255493,-2.2927308082580566
1701881428764317400,4.5893173828125,-0.3695427179336548,0.40175801515579224,-0.6471003293991089,0.5322497487068176,-2.835876941680908,1.4019038677215576,-2.2889370918273926
1701881428773910500,4.59891064453125,-0.3695472776889801,0.4021419584751129,-0.646834671497345,0.5322795510292053,-2.83929181098938,1.4021607637405396,-2.2848780155181885
1701881428783503000,4.608503173828125,-0.36967742443084717,0.4026190936565399,-0.6465087532997131,0.5322244763374329,-2.842212438583374,1.4023946523666382,-2.280940055847168
1701881428793094700,4.6180947265625,-0.3699782192707062,0.4032747447490692,-0.6460739970207214,0.5320470333099365,-2.844877004623413,1.4026052951812744,-2.2766640186309814
1701881428802687200,4.627687255859375,-0.3704342544078827,0.4040524363517761,-0.6455740928649902,0.5317463278770447,-2.84690523147583,1.4027477502822876,-2.272547960281372
1701881428812280300,4.6372802734375,-0.37100905179977417,0.40489816665649414,-0.6450425982475281,0.5313471555709839,-2.8482062816619873,1.4028183221817017,-2.2688374519348145
1701881428821873000,4.646872802734375,-0.3716312348842621,0.40569180250167847,-0.644544780254364,0.5309109091758728,-2.8485357761383057,1.4028326272964478,-2.2661001682281494
1701881428831464400,4.65646435546875,-0.37227749824523926,0.4064122140407562,-0.6440831422805786,0.5304672122001648,-2.8480148315429688,1.4028269052505493,-2.2642946243286133
1701881428841057000,4.66605712890625,-0.3728525638580322,0.4069408178329468,-0.6437318325042725,0.5300844311714172,-2.846622943878174,1.4028030633926392,-2.263805866241455
1701881428850650000,4.675650146484375,-0.37335336208343506,0.40731051564216614,-0.6434637904167175,0.5297732949256897,-2.8447182178497314,1.4027976989746094,-2.264226198196411
1701881428860242700,4.68524267578125,-0.37373027205467224,0.4075055420398712,-0.6432890295982361,0.5295697450637817,-2.8426930904388428,1.4028319120407104,-2.2652781009674072
1701881428869834200,4.694834228515625,-0.3740552067756653,0.40764373540878296,-0.6431117653846741,0.5294492840766907,-2.840928554534912,1.4029844999313354,-2.266261577606201
1701881428879426800,4.7044267578125,-0.3742338716983795,0.40759533643722534,-0.6430204510688782,0.529471218585968,-2.8392555713653564,1.403229832649231,-2.267726182937622
1701881428889020000,4.71402001953125,-0.374266117811203,0.4072892367839813,-0.6430529356002808,0.5296445488929749,-2.8370862007141113,1.4035571813583374,-2.270381450653076
1701881428898612500,4.723612548828125,-0.37427186965942383,0.4068472385406494,-0.6431243419647217,0.5298933386802673,-2.834242105484009,1.4039748907089233,-2.2739920616149902
1701881428908204000,4.7332041015625,-0.3741990029811859,0.4062883257865906,-0.6432479023933411,0.530223548412323,-2.8313043117523193,1.4044468402862549,-2.2780332565307617
1701881428917796600,4.742796630859375,-0.37397027015686035,0.40565359592437744,-0.6434679627418518,0.53060382604599,-2.829091787338257,1.4048223495483398,-2.281737804412842
1701881428927389700,4.7523896484375,-0.37362000346183777,0.405015766620636,-0.6437551379203796,0.5309892892837524,-2.827801465988159,1.4050663709640503,-2.2847237586975098
1701881428936982300,4.761982177734375,-0.3731653690338135,0.4044298827648163,-0.6440868377685547,0.5313531756401062,-2.8276824951171875,1.4051600694656372,-2.286618709564209
1701881428946573800,4.77157373046875,-0.37260162830352783,0.4038991332054138,-0.6444628238677979,0.5316965579986572,-2.8288092613220215,1.405103325843811,-2.287351131439209
1701881428956166400,4.78116650390625,-0.37197330594062805,0.4034380614757538,-0.6448448896408081,0.5320231914520264,-2.8309807777404785,1.4049638509750366,-2.2870240211486816
1701881428965759500,4.790759521484375,-0.37134891748428345,0.40304845571517944,-0.6451730728149414,0.5323566794395447,-2.8337817192077637,1.4048811197280884,-2.2859408855438232
1701881428975352000,4.80035205078125,-0.37068501114845276,0.4026225805282593,-0.6454960107803345,0.5327500104904175,-2.836825132369995,1.4048855304718018,-2.284748077392578
1701881428984943600,4.809943603515625,-0.37010955810546875,0.4022877812385559,-0.6457322239875793,0.5331166386604309,-2.8398802280426025,1.4049699306488037,-2.2832424640655518
1701881428994536200,4.8195361328125,-0.3696485161781311,0.4020501673221588,-0.6458696126937866,0.5334492325782776,-2.8427720069885254,1.4051488637924194,-2.2815451622009277
1701881429004129300,4.82912939453125,-0.3692874014377594,0.4018726050853729,-0.6459372043609619,0.5337511897087097,-2.8453009128570557,1.4053955078125,-2.2799432277679443
1701881429013721900,4.838721923828125,-0.36901968717575073,0.4017859399318695,-0.6459469199180603,0.5339897871017456,-2.8476455211639404,1.4056360721588135,-2.278212308883667
1701881429023313400,4.8483134765625,-0.36889004707336426,0.40179234743118286,-0.6458861231803894,0.534148097038269,-2.8494057655334473,1.4058798551559448,-2.276674270629883
1701881429032906000,4.857906005859375,-0.3688029944896698,0.4017792344093323,-0.6458208560943604,0.5342969298362732,-2.8506276607513428,1.4061415195465088,-2.2756361961364746
1701881429042499000,4.8674990234375,-0.3688097298145294,0.4017636477947235,-0.6457168459892273,0.5344297289848328,-2.8510382175445557,1.4064726829528809,-2.275258779525757
1701881429052091600,4.877091552734375,-0.3688555061817169,0.4016755521297455,-0.6456308960914612,0.5345681309700012,-2.850525140762329,1.4068316221237183,-2.275861978530884
1701881429061683200,4.88668310546875,-0.36898064613342285,0.4015948176383972,-0.6455304026603699,0.5346638560295105,-2.8492701053619385,1.4071818590164185,-2.277061700820923
1701881429071275800,4.89627587890625,-0.3691778779029846,0.4015609622001648,-0.6454060077667236,0.534703254699707,-2.847618579864502,1.4074968099594116,-2.2784526348114014
1701881429080868900,4.905868896484375,-0.3694162368774414,0.4015558362007141,-0.6452885866165161,0.5346841812133789,-2.8456380367279053,1.4077272415161133,-2.280050277709961
1701881429090461400,4.91546142578125,-0.3696201741695404,0.401509553194046,-0.6452119946479797,0.5346704125404358,-2.8435730934143066,1.4079116582870483,-2.281857490539551
1701881429100053000,4.925052978515625,-0.36989155411720276,0.4015987813472748,-0.6450949907302856,0.5345569849014282,-2.8417563438415527,1.4079880714416504,-2.2830679416656494
1701881429109645600,4.9346455078125,-0.37014713883399963,0.40170231461524963,-0.6449823379516602,0.5344381332397461,-2.8401668071746826,1.408038854598999,-2.284050703048706
1701881429119238700,4.94423876953125,-0.370426744222641,0.4019111394882202,-0.6448102593421936,0.5342950224876404,-2.839231252670288,1.4081058502197266,-2.28416109085083
1701881429128831200,4.953831298828125,-0.3705955743789673,0.4020766615867615,-0.644673228263855,0.5342187881469727,-2.839067220687866,1.4081904888153076,-2.2837629318237305
1701881429138422800,4.9634228515625,-0.3708241879940033,0.40233591198921204,-0.6444593071937561,0.5341230630874634,-2.8391964435577393,1.4083400964736938,-2.282813787460327
1701881429148015400,4.973015380859375,-0.37101343274116516,0.4026068150997162,-0.6442221999168396,0.5340735912322998,-2.83994722366333,1.4085642099380493,-2.281294822692871
1701881429157608400,4.9826083984375,-0.3710951805114746,0.4029017686843872,-0.6440011262893677,0.5340608954429626,-2.8419251441955566,1.4087636470794678,-2.2786872386932373
1701881429167201000,4.992200927734375,-0.3710966408252716,0.40327125787734985,-0.6437633633613586,0.534067690372467,-2.8453023433685303,1.4089514017105103,-2.2746901512145996
1701881429176792600,5.00179248046875,-0.37097668647766113,0.40358442068099976,-0.6435818672180176,0.5341331958770752,-2.849390745162964,1.409112811088562,-2.270282506942749
1701881429186385200,5.01138525390625,-0.37083807587623596,0.4039844274520874,-0.6433738470077515,0.5341776609420776,-2.8543269634246826,1.4092358350753784,-2.2649085521698
1701881429195978200,5.020978271484375,-0.37073028087615967,0.4044681489467621,-0.6431246399879456,0.534186601638794,-2.8596315383911133,1.4093406200408936,-2.2589714527130127
1701881429205570800,5.03057080078125,-0.37065258622169495,0.404972642660141,-0.6428499221801758,0.5341889262199402,-2.8648717403411865,1.409468650817871,-2.2530126571655273
1701881429215162400,5.040162353515625,-0.3706415295600891,0.40554866194725037,-0.642530620098114,0.5341437458992004,-2.8700363636016846,1.4095866680145264,-2.246894598007202
1701881429224755000,5.0497548828125,-0.3706226646900177,0.40605539083480835,-0.6422595977783203,0.5340978503227234,-2.8746256828308105,1.4096598625183105,-2.2414801120758057
1701881429234348000,5.05934814453125,-0.370771586894989,0.4067132771015167,-0.641902506351471,0.5339231491088867,-2.8786890506744385,1.4096791744232178,-2.2360453605651855
1701881429243940600,5.068940673828125,-0.37097692489624023,0.4073939323425293,-0.6415467858314514,0.533689022064209,-2.882232666015625,1.409627914428711,-2.2309911251068115
1701881429253532200,5.0785322265625,-0.37125369906425476,0.40809646248817444,-0.6411917209625244,0.5333864688873291,-2.8850841522216797,1.4095042943954468,-2.226465940475464
1701881429263124700,5.088124755859375,-0.37157317996025085,0.408752977848053,-0.6408487558364868,0.533073365688324,-2.887131929397583,1.4093892574310303,-2.222749710083008
1701881429272717800,5.0977177734375,-0.37196195125579834,0.4094179570674896,-0.640482485294342,0.5327320098876953,-2.888591766357422,1.4092940092086792,-2.219489097595215
1701881429282310400,5.107310302734375,-0.37235671281814575,0.41000092029571533,-0.640142023563385,0.5324170589447021,-2.889388084411621,1.409240961074829,-2.2170231342315674
1701881429291902000,5.11690185546875,-0.3727584779262543,0.41051584482192993,-0.639825701713562,0.5321192741394043,-2.889594554901123,1.4092121124267578,-2.2152504920959473
1701881429301494500,5.12649462890625,-0.37317273020744324,0.41097649931907654,-0.6395223140716553,0.5318379402160645,-2.889295816421509,1.4092198610305786,-2.2140564918518066
1701881429311087600,5.136087646484375,-0.37357261776924133,0.4113321900367737,-0.6392715573310852,0.5315836668014526,-2.888275384902954,1.409236192703247,-2.213787317276001
1701881429320680200,5.14568017578125,-0.37392452359199524,0.41160526871681213,-0.6390569806098938,0.5313828587532043,-2.8871309757232666,1.4092921018600464,-2.2138671875
1701881429330271700,5.155271728515625,-0.37428635358810425,0.4118488132953644,-0.6388505697250366,0.5311875343322754,-2.8856682777404785,1.409361481666565,-2.2142984867095947
1701881429339864300,5.1648642578125,-0.3746727705001831,0.41208499670028687,-0.6386545896530151,0.5309675931930542,-2.883823871612549,1.4093996286392212,-2.215080976486206
1701881429349457400,5.17445751953125,-0.3750568926334381,0.41227987408638,-0.6384750604629517,0.5307610034942627,-2.881683588027954,1.4094516038894653,-2.2162342071533203
1701881429359050000,5.184050048828125,-0.37537696957588196,0.4123680591583252,-0.6383588314056396,0.5306060314178467,-2.879301071166992,1.409506916999817,-2.217921495437622
1701881429368641500,5.1936416015625,-0.3757368326187134,0.4124848544597626,-0.6382222771644592,0.5304247140884399,-2.8767483234405518,1.4095580577850342,-2.219660758972168
1701881429378234000,5.203234130859375,-0.37610486149787903,0.4126007556915283,-0.6380807757377625,0.530243992805481,-2.8741283416748047,1.4096208810806274,-2.2214558124542236
1701881429387827200,5.2128271484375,-0.3764975368976593,0.4127682149410248,-0.6379168033599854,0.530032217502594,-2.871641159057617,1.4096587896347046,-2.2229862213134766
1701881429397419800,5.222419677734375,-0.37683364748954773,0.4128739535808563,-0.6377928853034973,0.5298601388931274,-2.8692100048065186,1.409697413444519,-2.224663019180298
1701881429407011300,5.23201123046875,-0.37713512778282166,0.41296279430389404,-0.6376891732215881,0.5297012329101562,-2.866950035095215,1.4097189903259277,-2.2262556552886963
1701881429416604000,5.24160400390625,-0.37732020020484924,0.4129795432090759,-0.6376482844352722,0.5296055674552917,-2.8652212619781494,1.4097200632095337,-2.2276387214660645
1701881429426197000,5.251197021484375,-0.37749791145324707,0.41306161880493164,-0.6375949382781982,0.5294790863990784,-2.8639976978302,1.4096635580062866,-2.2284138202667236
1701881429435789600,5.26078955078125,-0.37763917446136475,0.41318729519844055,-0.6375420093536377,0.5293440222740173,-2.8634109497070312,1.409559965133667,-2.2285373210906982
1701881429445381000,5.270381103515625,-0.37776851654052734,0.4133467674255371,-0.6374777555465698,0.5292046070098877,-2.8632054328918457,1.4094456434249878,-2.228241205215454
1701881429454973700,5.2799736328125,-0.377864807844162,0.4135158061981201,-0.6374380588531494,0.5290516018867493,-2.8632686138153076,1.4092602729797363,-2.227713108062744
1701881429464566800,5.28956689453125,-0.3780103027820587,0.4137307405471802,-0.6373635530471802,0.5288693308830261,-2.8632373809814453,1.4090839624404907,-2.227116584777832
1701881429474159400,5.299159423828125,-0.3781590461730957,0.41390419006347656,-0.637294352054596,0.528710663318634,-2.8629181385040283,1.4089525938034058,-2.2268762588500977
1701881429483751000,5.3087509765625,-0.37834495306015015,0.414084255695343,-0.6372134685516357,0.5285341739654541,-2.862290859222412,1.408826470375061,-2.2268688678741455
1701881429493343500,5.318343505859375,-0.37858083844184875,0.4142572283744812,-0.6371030807495117,0.5283627510070801,-2.8612496852874756,1.4087717533111572,-2.227205276489258
1701881429502936600,5.3279365234375,-0.37887996435165405,0.4144858717918396,-0.6369544863700867,0.5281481146812439,-2.86003041267395,1.4087141752243042,-2.227515697479248
1701881429512529200,5.337529052734375,-0.37919947504997253,0.4146985709667206,-0.6367863416671753,0.5279545187950134,-2.8586180210113525,1.4087263345718384,-2.2280147075653076
1701881429522120700,5.34712060546875,-0.3795222043991089,0.41487783193588257,-0.6366195678710938,0.5277829170227051,-2.8569834232330322,1.408783197402954,-2.228790283203125
1701881429531713300,5.35671337890625,-0.37986326217651367,0.41505053639411926,-0.6364331841468811,0.5276265144348145,-2.8552262783050537,1.408897042274475,-2.2296714782714844
1701881429541306400,5.366306396484375,-0.38022851943969727,0.41520988941192627,-0.6362313628196716,0.5274814367294312,-2.8532180786132812,1.4090635776519775,-2.230787515640259
1701881429550899000,5.37589892578125,-0.3806479871273041,0.41542568802833557,-0.6359894275665283,0.5273007154464722,-2.851141929626465,1.4092342853546143,-2.231780767440796
1701881429560490500,5.385490478515625,-0.3810405731201172,0.41558149456977844,-0.6357759237289429,0.527151882648468,-2.848870277404785,1.4094245433807373,-2.2331202030181885
1701881429570083000,5.3950830078125,-0.3814530074596405,0.41577351093292236,-0.6355424523353577,0.5269836783409119,-2.846684217453003,1.409606695175171,-2.23427677154541
1701881429579676200,5.40467626953125,-0.3818609118461609,0.415939062833786,-0.6353267431259155,0.5268176794052124,-2.8442955017089844,1.4097776412963867,-2.2356879711151123
1701881429589268700,5.414268798828125,-0.3822515904903412,0.41609838604927063,-0.6351320147514343,0.5266432762145996,-2.8419370651245117,1.4099026918411255,-2.2371065616607666
1701881429598860300,5.4238603515625,-0.3825955092906952,0.41619616746902466,-0.6349837779998779,0.5264949798583984,-2.8394904136657715,1.4100065231323242,-2.238798141479492
1701881429608452900,5.433452880859375,-0.3829495310783386,0.4163012206554413,-0.6348428726196289,0.5263245105743408,-2.8369250297546387,1.4100708961486816,-2.240576982498169
1701881429618046000,5.4430458984375,-0.38328829407691956,0.41637909412384033,-0.6347092986106873,0.5261773467063904,-2.8343358039855957,1.4101603031158447,-2.2424533367156982
1701881429627638500,5.452638427734375,-0.3836146891117096,0.41643768548965454,-0.6346052289009094,0.5260186195373535,-2.831606388092041,1.4101967811584473,-2.244521379470825
1701881429637230000,5.46222998046875,-0.38389840722084045,0.41648223996162415,-0.63453209400177,0.5258646011352539,-2.829099178314209,1.4101848602294922,-2.24646258354187
1701881429646822700,5.47182275390625,-0.3841274082660675,0.4165090322494507,-0.6344953179359436,0.5257205367088318,-2.8268988132476807,1.4101215600967407,-2.2482187747955322
1701881429656415700,5.481415771484375,-0.3843500316143036,0.41666412353515625,-0.6344015002250671,0.5255481004714966,-2.825803279876709,1.4100414514541626,-2.2486581802368164
1701881429666008300,5.49100830078125,-0.3845691382884979,0.4169013798236847,-0.6342722773551941,0.5253556370735168,-2.825401782989502,1.4099483489990234,-2.248267650604248
1701881429675600000,5.500599853515625,-0.3847734034061432,0.41720956563949585,-0.6341289281845093,0.5251343846321106,-2.825636863708496,1.4097999334335327,-2.2471401691436768
1701881429685192400,5.5101923828125,-0.3849479556083679,0.4175785183906555,-0.633960485458374,0.5249165296554565,-2.826677083969116,1.4096542596817017,-2.2451541423797607
1701881429694785500,5.51978564453125,-0.385084867477417,0.41794276237487793,-0.633820652961731,0.5246950387954712,-2.82794451713562,1.409450888633728,-2.2430105209350586
1701881429704378000,5.529378173828125,-0.38523122668266296,0.4183524549007416,-0.6336565017700195,0.5244593024253845,-2.8294875621795654,1.4092450141906738,-2.240495443344116
1701881429713969700,5.5389697265625,-0.3853408992290497,0.4187295734882355,-0.6335347294807434,0.5242248177528381,-2.831012725830078,1.4089818000793457,-2.238114833831787
1701881429723562200,5.548562255859375,-0.3855202794075012,0.41917550563812256,-0.6333634853363037,0.5239434242248535,-2.8324108123779297,1.4087215662002563,-2.235621452331543
1701881429733155300,5.5581552734375,-0.3856754004955292,0.4195854365825653,-0.6332159638404846,0.5236793160438538,-2.833739995956421,1.4084562063217163,-2.23330020904541
1701881429742748000,5.567747802734375,-0.385861337184906,0.419983446598053,-0.6330679059028625,0.5234022736549377,-2.8346595764160156,1.408192753791809,-2.231356382369995
1701881429752339500,5.57733935546875,-0.38598138093948364,0.42025890946388245,-0.6329908967018127,0.5231857299804688,-2.835239887237549,1.4079381227493286,-2.2300772666931152
1701881429761932000,5.58693212890625,-0.38618868589401245,0.4205985963344574,-0.6328672766685486,0.5229093432426453,-2.835461139678955,1.4076751470565796,-2.228895425796509
1701881429771525000,5.596525146484375,-0.38638848066329956,0.4209093749523163,-0.6327628493309021,0.5226379632949829,-2.8354973793029785,1.4074022769927979,-2.2279598712921143
1701881429781117700,5.60611767578125,-0.38658955693244934,0.4212058186531067,-0.6326612234115601,0.522373378276825,-2.8354244232177734,1.407140851020813,-2.227155923843384
1701881429790709200,5.615709228515625,-0.3867920935153961,0.42148274183273315,-0.6325913667678833,0.522084653377533,-2.8350467681884766,1.406813383102417,-2.226684808731079
1701881429800301800,5.6253017578125,-0.38701051473617554,0.42177262902259827,-0.6325274109840393,0.5217660069465637,-2.8345260620117188,1.4064377546310425,-2.2263031005859375
1701881429809895000,5.63489501953125,-0.387249618768692,0.42204806208610535,-0.6324937343597412,0.5214065909385681,-2.833526611328125,1.4059808254241943,-2.226384162902832
1701881429819487500,5.644487548828125,-0.3875199258327484,0.4222898483276367,-0.6324753165245056,0.5210322141647339,-2.8319246768951416,1.4055113792419434,-2.227071523666382
1701881429829079000,5.6540791015625,-0.3877319395542145,0.42240771651268005,-0.6325269341468811,0.5207161903381348,-2.8299221992492676,1.405052661895752,-2.228475332260132
1701881429838671600,5.663671630859375,-0.3879695236682892,0.42254364490509033,-0.6325598359107971,0.5203889012336731,-2.8278491497039795,1.4046070575714111,-2.229874610900879
1701881429848264700,5.6732646484375,-0.3881777822971344,0.42264091968536377,-0.632623016834259,0.520077645778656,-2.825732469558716,1.4041451215744019,-2.231433629989624
1701881429857857300,5.682857177734375,-0.3884239196777344,0.4227893650531769,-0.632654070854187,0.5197353363037109,-2.8236589431762695,1.4036790132522583,-2.232795238494873
1701881429867448800,5.69244873046875,-0.3886030614376068,0.42286261916160583,-0.6327313780784607,0.5194476842880249,-2.8216726779937744,1.40322744846344,-2.234316825866699
1701881429877041400,5.70204150390625,-0.3887482285499573,0.4229446351528168,-0.6328102946281433,0.5191760659217834,-2.8200976848602295,1.4027769565582275,-2.235470771789551
1701881429886634500,5.711634521484375,-0.38890212774276733,0.42306554317474365,-0.6328544020652771,0.5189084410667419,-2.818826198577881,1.4023661613464355,-2.236240863800049
1701881429896227000,5.72122705078125,-0.3890497386455536,0.4231797158718109,-0.6328927874565125,0.5186578035354614,-2.817622661590576,1.401986837387085,-2.236966848373413
1701881429905818600,5.730818603515625,-0.3891976773738861,0.4233088493347168,-0.6329062581062317,0.5184249877929688,-2.816631317138672,1.4016597270965576,-2.237457513809204
1701881429915411200,5.7404111328125,-0.3895178437232971,0.42368388175964355,-0.6327471137046814,0.5180723071098328,-2.8159964084625244,1.4013742208480835,-2.2368671894073486
1701881429925004300,5.75000439453125,-0.38980111479759216,0.4240303039550781,-0.6325967907905579,0.5177593231201172,-2.815559148788452,1.401127576828003,-2.2361953258514404
1701881429934596900,5.759596923828125,-0.38982096314430237,0.4240708649158478,-0.6326516270637512,0.5176441669464111,-2.815260410308838,1.4008877277374268,-2.236375093460083
1701881429944188400,5.7691884765625,-0.39006906747817993,0.4243919849395752,-0.6325034499168396,0.5173750519752502,-2.8150546550750732,1.400693655014038,-2.235578775405884
1701881429953781000,5.778781005859375,-0.3905062675476074,0.42495688796043396,-0.6321955919265747,0.5169576406478882,-2.8149337768554688,1.4004926681518555,-2.233943462371826
1701881429963374000,5.7883740234375,-0.39053523540496826,0.425027459859848,-0.6322106122970581,0.5168594121932983,-2.814903974533081,1.4003218412399292,-2.233790636062622
1701881429972966700,5.797966552734375,-0.3905153274536133,0.42506861686706543,-0.6322324872016907,0.5168138146400452,-2.815207004547119,1.4002052545547485,-2.233443021774292
1701881429982558200,5.80755810546875,-0.39063119888305664,0.42528390884399414,-0.6321166157722473,0.5166909098625183,-2.815690755844116,1.4001554250717163,-2.2323801517486572
1701881429992150800,5.81715087890625,-0.39084047079086304,0.4256703853607178,-0.6318836808204651,0.5164992213249207,-2.816678047180176,1.4001386165618896,-2.230354070663452
1701881430001744100,5.826744140625,-0.39074549078941345,0.4257047772407532,-0.6318672299385071,0.5165628790855408,-2.8179526329040527,1.4001944065093994,-2.2291884422302246
1701881430011336400,5.83633642578125,-0.39088553190231323,0.42603909969329834,-0.6316438913345337,0.5164543986320496,-2.8193624019622803,1.400269865989685,-2.226957082748413
1701881430020928000,5.845927978515625,-0.39090681076049805,0.42621123790740967,-0.631495475769043,0.5164777636528015,-2.820815086364746,1.4004403352737427,-2.225177764892578
1701881430030520600,5.8555205078125,-0.39086630940437317,0.42632779479026794,-0.6313770413398743,0.5165570378303528,-2.8224871158599854,1.4006433486938477,-2.2233853340148926
1701881430040114000,5.865114013671875,-0.3909068703651428,0.4265424609184265,-0.6311826705932617,0.5165866613388062,-2.824208974838257,1.4008736610412598,-2.2212331295013428
1701881430049706200,5.874706298828125,-0.3908855617046356,0.42669495940208435,-0.6310209035873413,0.5166743993759155,-2.826105833053589,1.4011378288269043,-2.219123125076294
1701881430059297800,5.8842978515625,-0.3908684253692627,0.4268364906311035,-0.6308435797691345,0.516787052154541,-2.827998161315918,1.401463270187378,-2.217034101486206
1701881430068890400,5.893890380859375,-0.3907400071620941,0.4268527626991272,-0.6307374835014343,0.5170001983642578,-2.8300678730010986,1.4018336534500122,-2.215182304382324
1701881430078483700,5.903483642578125,-0.39078739285469055,0.42709892988204956,-0.6304692029953003,0.5170882344245911,-2.8323209285736084,1.4022289514541626,-2.2124409675598145
1701881430088076000,5.913075927734375,-0.3907510042190552,0.42720380425453186,-0.6302652955055237,0.517277717590332,-2.8344194889068604,1.4027000665664673,-2.210252046585083
1701881430097667600,5.92266748046875,-0.39067503809928894,0.4273129105567932,-0.6300593018531799,0.51749587059021,-2.836993455886841,1.403191328048706,-2.2076497077941895
1701881430107260200,5.93226025390625,-0.39058852195739746,0.4274653196334839,-0.6298224925994873,0.517723560333252,-2.840095043182373,1.4037126302719116,-2.2044646739959717
1701881430116853200,5.941853271484375,-0.39032596349716187,0.4274486005306244,-0.6296972632408142,0.5180875062942505,-2.843639612197876,1.4042619466781616,-2.2014389038085938
1701881430126445800,5.95144580078125,-0.3902263045310974,0.42762982845306396,-0.6294147372245789,0.5183562636375427,-2.847346067428589,1.4048771858215332,-2.197626829147339
1701881430136037400,5.961037353515625,-0.39019638299942017,0.42788490653038025,-0.6290719509124756,0.5185843706130981,-2.851043224334717,1.4055147171020508,-2.193574905395508
1701881430145630000,5.9706298828125,-0.39021167159080505,0.4282030761241913,-0.6286778450012207,0.51878821849823,-2.85489821434021,1.4061778783798218,-2.189178943634033
1701881430155223000,5.98022314453125,-0.3902147710323334,0.4285290241241455,-0.6282885670661926,0.5189882516860962,-2.858927011489868,1.406817078590393,-2.1846134662628174
1701881430164815600,5.989815673828125,-0.3902527987957001,0.42893004417419434,-0.6278764605522156,0.5191270709037781,-2.863107681274414,1.4073824882507324,-2.1797003746032715
1701881430174407200,5.9994072265625,-0.3902955651283264,0.429363876581192,-0.6274433732032776,0.5192598700523376,-2.867560625076294,1.4079509973526,-2.1744492053985596
1701881430183999700,6.008999755859375,-0.3903590142726898,0.4298902750015259,-0.6269626617431641,0.5193573236465454,-2.8725733757019043,1.4084970951080322,-2.1684396266937256
1701881430193592800,6.0185927734375,-0.3904404938220978,0.4304763674736023,-0.6264573335647583,0.5194203853607178,-2.8778655529022217,1.4090046882629395,-2.1620118618011475
1701881430203185400,6.028185302734375,-0.39050519466400146,0.43109330534935,-0.6259229183197021,0.5195043683052063,-2.883730173110962,1.4095484018325806,-2.15498948097229
1701881430212777000,6.03777685546875,-0.3905255198478699,0.4316706657409668,-0.6254065632820129,0.5196314454078674,-2.8898303508758545,1.4101159572601318,-2.1478774547576904
1701881430222369500,6.04736962890625,-0.39055052399635315,0.43227624893188477,-0.6248558163642883,0.5197718143463135,-2.896299123764038,1.4107273817062378,-2.1403427124023438
1701881430231962600,6.056962646484375,-0.39061927795410156,0.4329145550727844,-0.624247670173645,0.5199196338653564,-2.902881622314453,1.411421775817871,-2.1325645446777344
1701881430241555200,6.06655517578125,-0.39069637656211853,0.4335516393184662,-0.6236128211021423,0.5200926661491394,-2.9096200466156006,1.4121814966201782,-2.1246209144592285
1701881430251146800,6.076146728515625,-0.3907757103443146,0.4342184066772461,-0.6229602098464966,0.520258903503418,-2.9166653156280518,1.412931203842163,-2.116314172744751
1701881430260739300,6.0857392578125,-0.3908727765083313,0.43486401438713074,-0.6223068833351135,0.5204285979270935,-2.9234793186187744,1.4136992692947388,-2.1082441806793213
1701881430270332400,6.09533251953125,-0.39094704389572144,0.4354679584503174,-0.6216681599617004,0.5206311345100403,-2.930333137512207,1.4144926071166992,-2.100247859954834
1701881430279925000,6.104925048828125,-0.39109206199645996,0.4361024498939514,-0.6209824085235596,0.5208094120025635,-2.9369254112243652,1.4153295755386353,-2.0923376083374023
1701881430289516500,6.1145166015625,-0.39126577973365784,0.4367775022983551,-0.6202775835990906,0.5209532380104065,-2.9435737133026123,1.4161326885223389,-2.0842483043670654
1701881430299109000,6.124109130859375,-0.391485333442688,0.4374864995479584,-0.61954265832901,0.5210678577423096,-2.950132131576538,1.4169344902038574,-2.0761067867279053
1701881430308702200,6.1337021484375,-0.3917061984539032,0.4382510483264923,-0.6187768578529358,0.5211693048477173,-2.9572393894195557,1.417717456817627,-2.067314386367798
1701881430318294800,6.143294677734375,-0.391914427280426,0.43903982639312744,-0.6180172562599182,0.5212502479553223,-2.9646146297454834,1.4184343814849854,-2.058229923248291
1701881430327886300,6.15288623046875,-0.3921700119972229,0.43996790051460266,-0.6171815991401672,0.5212655663490295,-2.972712516784668,1.4190951585769653,-2.0480899810791016
1701881430337479000,6.16247900390625,-0.3923729658126831,0.4409315884113312,-0.616333544254303,0.5213019251823425,-2.981781482696533,1.4197287559509277,-2.037005662918091
1701881430347072000,6.172072021484375,-0.39245331287384033,0.44189393520355225,-0.6154952049255371,0.5214171409606934,-2.99235463142395,1.4203542470932007,-2.0246336460113525
1701881430356664600,6.18166455078125,-0.392397940158844,0.44276461005210876,-0.6146937012672424,0.521665632724762,-3.0040230751037598,1.4210501909255981,-2.011569023132324
1701881430366256000,6.191256103515625,-0.39229273796081543,0.4436231851577759,-0.6138696074485779,0.5219855904579163,-3.0166091918945312,1.421812891960144,-1.997698187828064
1701881430375848700,6.2008486328125,-0.39216527342796326,0.44452527165412903,-0.6130356192588806,0.5222939848899841,-3.029843807220459,1.4225010871887207,-1.983137607574463
1701881430385441800,6.21044189453125,-0.39206093549728394,0.44547736644744873,-0.6122006773948669,0.5225403904914856,-3.0430586338043213,1.4230661392211914,-1.9684594869613647
1701881430395034400,6.220034423828125,-0.3920350670814514,0.44649171829223633,-0.611399233341217,0.5226324200630188,-3.055168867111206,1.4233871698379517,-1.9546244144439697
1701881430404626000,6.2296259765625,-0.39214402437210083,0.44757339358329773,-0.6106273531913757,0.522527813911438,-3.065438985824585,1.4234627485275269,-1.9422574043273926
1701881430414218500,6.239218505859375,-0.39238131046295166,0.4487820863723755,-0.6098477840423584,0.5222233533859253,-3.0744757652282715,1.4232919216156006,-1.9306581020355225
1701881430423811600,6.2488115234375,-0.39268064498901367,0.45003440976142883,-0.6090558767318726,0.5218446850776672,-3.0829176902770996,1.4230458736419678,-1.9194600582122803
1701881430433404200,6.258404052734375,-0.39293143153190613,0.45117440819740295,-0.6082866787910461,0.5215685963630676,-3.091390371322632,1.4229297637939453,-1.9085196256637573
1701881430442995700,6.26799560546875,-0.39315882325172424,0.45222344994544983,-0.6074849367141724,0.5214231610298157,-3.1003036499023438,1.4230458736419678,-1.897352695465088
1701881430452588300,6.27758837890625,-0.39335498213768005,0.4531577229499817,-0.6066597700119019,0.5214248299598694,-3.1096506118774414,1.4234123229980469,-1.886022925376892
1701881430462181400,6.287181396484375,-0.39352843165397644,0.4539397060871124,-0.6058349609375,0.5215727686882019,-3.119014263153076,1.4240387678146362,-1.8749994039535522
1701881430471774000,6.29677392578125,-0.3936866521835327,0.4544472098350525,-0.605080246925354,0.5218873620033264,-3.1272530555725098,1.4249759912490845,-1.8656307458877563
1701881430481365500,6.306365478515625,-0.39391782879829407,0.45459049940109253,-0.6044560074806213,0.5223113298416138,-3.132314443588257,1.4262477159500122,-1.8599743843078613
1701881430490958000,6.3159580078125,-0.3941119909286499,0.4546215236186981,-0.6038469076156616,0.5228421688079834,-3.137554168701172,1.427683711051941,-1.854413390159607
1701881430500551200,6.32555126953125,-0.394292950630188,0.45465779304504395,-0.6032131910324097,0.5234053730964661,3.139784336090088,1.4291630983352661,-1.8482601642608643
1701881430510143700,6.335143798828125,-0.3945610821247101,0.4546234607696533,-0.6025605797767639,0.5239845514297485,3.134873867034912,1.4308130741119385,-1.8430224657058716
1701881430519735300,6.3447353515625,-0.39489293098449707,0.4545075297355652,-0.6019250154495239,0.5245652794837952,3.131099224090576,1.4325670003890991,-1.8389562368392944
1701881430529327900,6.354327880859375,-0.3953157067298889,0.45433294773101807,-0.6013232469558716,0.5250880122184753,3.129061460494995,1.434346318244934,-1.8365705013275146
1701881430538921000,6.3639208984375,-0.3958457112312317,0.4540885090827942,-0.6007694005966187,0.52553391456604,3.1292734146118164,1.4361387491226196,-1.8363670110702515
1701881430548513500,6.373513427734375,-0.3963530659675598,0.4537121653556824,-0.6003075838088989,0.5260040760040283,3.1307103633880615,1.4379498958587646,-1.837662935256958
1701881430558105000,6.38310498046875,-0.39685580134391785,0.45340496301651,-0.5998479127883911,0.526414155960083,3.1320252418518066,1.4396271705627441,-1.8387138843536377
1701881430567697700,6.39269775390625,-0.39733147621154785,0.45321592688560486,-0.5993951559066772,0.5267338156700134,3.1328482627868652,1.4410697221755981,-1.8391000032424927
1701881430577290800,6.402290771484375,-0.3976390063762665,0.45288097858428955,-0.5990223288536072,0.5272136926651001,3.1326704025268555,1.442582368850708,-1.8390434980392456
1701881430586883300,6.41188330078125,-0.3978204131126404,0.45245635509490967,-0.5987947583198547,0.5276997089385986,3.1329269409179688,1.4439074993133545,-1.8397961854934692
1701881430596475000,6.421474853515625,-0.3979550004005432,0.45206913352012634,-0.5986146926879883,0.5281342267990112,3.133117198944092,1.4450486898422241,-1.8404895067214966
1701881430606067500,6.4310673828125,-0.3980812728404999,0.4516967833042145,-0.5984886288642883,0.5285004377365112,3.1339609622955322,1.4460324048995972,-1.841816782951355
1701881430615660500,6.44066064453125,-0.39803043007850647,0.45119425654411316,-0.5984891653060913,0.5289671421051025,3.1343066692352295,1.4469457864761353,-1.843186855316162
1701881430625253000,6.450253173828125,-0.3978493809700012,0.45067834854125977,-0.5985276699066162,0.5294992923736572,3.133279323577881,1.447789192199707,-1.8434343338012695
1701881430634844700,6.4598447265625,-0.3975585103034973,0.45025163888931274,-0.59858238697052,0.53001868724823,3.130610227584839,1.4484292268753052,-1.8420668840408325
1701881430644437200,6.469437255859375,-0.3971805274486542,0.44984573125839233,-0.5987075567245483,0.5305051803588867,3.127607583999634,1.448858618736267,-1.8404734134674072
1701881430654030300,6.4790302734375,-0.3968961238861084,0.44987499713897705,-0.5988075137138367,0.5305803418159485,3.124690055847168,1.4485586881637573,-1.8379933834075928
1701881430663623000,6.488622802734375,-0.39642849564552307,0.44974184036254883,-0.5990613698959351,0.5307562947273254,3.121669292449951,1.448180913925171,-1.8360198736190796
1701881430673214500,6.49821435546875,-0.39564383029937744,0.44936326146125793,-0.5994448065757751,0.5312292575836182,3.1163246631622314,1.447925329208374,-1.832721471786499
1701881430682807000,6.50780712890625,-0.3948375880718231,0.4486543536186218,-0.599913477897644,0.5318988561630249,3.1126673221588135,1.4480634927749634,-1.8317492008209229
1701881430692400000,6.517400146484375,-0.39407458901405334,0.44765952229499817,-0.6004665493965149,0.5326781868934631,3.111583709716797,1.4485180377960205,-1.8337904214859009
1701881430701992700,6.52699267578125,-0.3935334086418152,0.4468413293361664,-0.6010231375694275,0.5331373810768127,3.1135993003845215,1.448652982711792,-1.8382104635238647
1701881430711584300,6.536584228515625,-0.39310088753700256,0.4459889829158783,-0.60163414478302,0.5334808826446533,3.1182079315185547,1.448720097541809,-1.8450864553451538
1701881430721176800,6.5461767578125,-0.39292287826538086,0.4452328085899353,-0.6021413803100586,0.5336713790893555,3.124936819076538,1.4488645792007446,-1.8534678220748901
1701881430730770000,6.55577001953125,-0.3929396867752075,0.44439250230789185,-0.602640688419342,0.5337957739830017,3.1347780227661133,1.4491727352142334,-1.8647726774215698
1701881430740362500,6.565362548828125,-0.3930818438529968,0.4426249563694,-0.603358805179596,0.53434818983078,-3.1306934356689453,1.4505829811096191,-1.8854082822799683
1701881430749954000,6.5749541015625,-0.393860399723053,0.4417684078216553,-0.6037733554840088,0.5340153574943542,-3.109924077987671,1.4510470628738403,-1.906335473060608
1701881430759546600,6.584546630859375,-0.39429786801338196,0.44067975878715515,-0.6046748757362366,0.533571720123291,-3.0866963863372803,1.4506654739379883,-1.9306893348693848
1701881430769139700,6.5941396484375,-0.3949958384037018,0.4401601254940033,-0.605311930179596,0.5327615141868591,-3.0653350353240967,1.449864387512207,-1.9517031908035278
1701881430778732300,6.603732177734375,-0.3962331712245941,0.4398365318775177,-0.6056464910507202,0.5317287445068359,-3.0406572818756104,1.449353575706482,-1.9747517108917236
1701881430788323800,6.61332373046875,-0.397779256105423,0.4392162263393402,-0.6061330437660217,0.5305313467979431,-3.0082578659057617,1.4487974643707275,-2.005497932434082
1701881430797916400,6.62291650390625,-0.39936506748199463,0.43888503313064575,-0.6065465211868286,0.5291396379470825,-2.97780179977417,1.447806715965271,-2.0337002277374268
1701881430807509500,6.632509521484375,-0.40104809403419495,0.43907368183135986,-0.6068920493125916,0.5273109078407288,-2.949808120727539,1.4459826946258545,-2.05831241607666
1701881430817102000,6.64210205078125,-0.4028213918209076,0.43973323702812195,-0.6070445775985718,0.5252299308776855,-2.9256832599639893,1.4437766075134277,-2.07804012298584
1701881430826693600,6.651693603515625,-0.4044291377067566,0.44065436720848083,-0.607142984867096,0.5231043696403503,-2.9065542221069336,1.441285490989685,-2.092578649520874
1701881430836286200,6.6612861328125,-0.40580546855926514,0.44201725721359253,-0.6072959303855896,0.5207056403160095,-2.893153190612793,1.4379651546478271,-2.1009652614593506
1701881430845879300,6.67087939453125,-0.40707671642303467,0.4435790479183197,-0.6076263189315796,0.5179926753044128,-2.8811705112457275,1.4338197708129883,-2.1077075004577637
1701881430855471900,6.680471923828125,-0.407976359128952,0.44415637850761414,-0.6084486246109009,0.5158203840255737,-2.8653981685638428,1.4300458431243896,-2.1206555366516113
1701881430865063400,6.6900634765625,-0.408699095249176,0.4449196457862854,-0.6093265414237976,0.5135490894317627,-2.8531408309936523,1.4258573055267334,-2.1300394535064697
1701881430874656000,6.699656005859375,-0.4092741012573242,0.44580864906311035,-0.6102010011672974,0.51127690076828,-2.843945026397705,1.4215216636657715,-2.136383533477783
1701881430884249000,6.7092490234375,-0.40970277786254883,0.446691632270813,-0.611091136932373,0.5090951323509216,-2.836768627166748,1.417209267616272,-2.1409695148468018
1701881430893841700,6.718841552734375,-0.40993309020996094,0.44748982787132263,-0.6119987964630127,0.507114589214325,-2.8316805362701416,1.4130817651748657,-2.143974542617798
1701881430903433200,6.72843310546875,-0.4099210500717163,0.44827502965927124,-0.6128513813018799,0.5053982138633728,-2.8298604488372803,1.4092683792114258,-2.1441779136657715
1701881430913025800,6.73802587890625,-0.409850150346756,0.4492267370223999,-0.6135238409042358,0.5037922859191895,-2.8306527137756348,1.4057362079620361,-2.141587734222412
1701881430922619000,6.747618896484375,-0.40978023409843445,0.4502328634262085,-0.6140470504760742,0.5023114085197449,-2.832538604736328,1.4025425910949707,-2.13782000541687
1701881430932211500,6.75721142578125,-0.40963926911354065,0.451198011636734,-0.614453911781311,0.5010613203048706,-2.8356516361236572,1.3997960090637207,-2.1330502033233643
1701881430941803000,6.766802978515625,-0.4095766246318817,0.45230522751808167,-0.6145915985107422,0.4999440908432007,-2.840087652206421,1.3975489139556885,-2.1265902519226074
1701881430951395600,6.7763955078125,-0.409567654132843,0.4536069631576538,-0.6143810153007507,0.49903008341789246,-2.8468310832977295,1.3959580659866333,-2.1174185276031494
1701881430960989000,6.785989013671875,-0.4098409116268158,0.4552987813949585,-0.6137027740478516,0.498098760843277,-2.854970693588257,1.3948955535888672,-2.1056740283966064
1701881430970581200,6.795581298828125,-0.41055288910865784,0.4572750926017761,-0.6126692891120911,0.4969729781150818,-2.861682891845703,1.3941091299057007,-2.094067096710205
1701881430980172800,6.8051728515625,-0.4118119478225708,0.4594409763813019,-0.6114683151245117,0.49541032314300537,-2.864182233810425,1.3931479454040527,-2.085320234298706
1701881430989765400,6.814765380859375,-0.41310104727745056,0.4619888365268707,-0.6100357174873352,0.49373099207878113,-2.8691632747650146,1.392138957977295,-2.0733253955841064
1701881430999358700,6.824358642578125,-0.41449031233787537,0.4644140303134918,-0.6087530255317688,0.49187108874320984,-2.8714089393615723,1.3908109664916992,-2.064063310623169
1701881431008951000,6.833950927734375,-0.4159660339355469,0.4668680429458618,-0.607594907283783,0.4897294044494629,-2.871764659881592,1.3889788389205933,-2.056422233581543
1701881431018542600,6.84354248046875,-0.4175085425376892,0.4692983627319336,-0.6065987944602966,0.4873228073120117,-2.8700194358825684,1.3866394758224487,-2.0507419109344482
1701881431028135200,6.85313525390625,-0.41907626390457153,0.47148728370666504,-0.6058700084686279,0.4847642481327057,-2.865272045135498,1.3839045763015747,-2.0484039783477783
1701881431037728500,6.862728515625,-0.4206324815750122,0.4735249876976013,-0.6054196357727051,0.4819849133491516,-2.858246088027954,1.380595326423645,-2.0485730171203613
1701881431047320800,6.87232080078125,-0.42219278216362,0.47551435232162476,-0.6052110195159912,0.4789143204689026,-2.8494725227355957,1.3766145706176758,-2.0504913330078125
1701881431056912400,6.881912353515625,-0.4238439202308655,0.47763174772262573,-0.605146050453186,0.47541823983192444,-2.8393518924713135,1.3718609809875488,-2.0532588958740234
1701881431066505000,6.8915048828125,-0.42540454864501953,0.4794314205646515,-0.6054888367652893,0.47176241874694824,-2.8269217014312744,1.3664724826812744,-2.059004068374634
1701881431076098300,6.901098388671875,-0.42685073614120483,0.4808374047279358,-0.6060998439788818,0.468227356672287,-2.813290596008301,1.361015796661377,-2.0668551921844482
1701881431085690600,6.910690673828125,-0.4285527467727661,0.4823361039161682,-0.6067021489143372,0.46433496475219727,-2.7980287075042725,1.3551530838012695,-2.0756189823150635
1701881431095282200,6.9202822265625,-0.4305402636528015,0.4837473928928375,-0.6072825789451599,0.46025142073631287,-2.780582904815674,1.3492133617401123,-2.086150884628296
1701881431104874800,6.929874755859375,-0.43276065587997437,0.4846201539039612,-0.6079862117767334,0.45630502700805664,-2.7596325874328613,1.3436071872711182,-2.100754737854004
1701881431114468000,6.939468017578125,-0.43498173356056213,0.48470768332481384,-0.6088958382606506,0.45287442207336426,-2.736311674118042,1.3386929035186768,-2.1192429065704346
1701881431124060400,6.949060302734375,-0.43737488985061646,0.4843457341194153,-0.6099180579185486,0.44956913590431213,-2.7105765342712402,1.3339464664459229,-2.140662670135498
1701881431133652000,6.95865185546875,-0.43994036316871643,0.48341476917266846,-0.6111311912536621,0.44640934467315674,-2.681873083114624,1.329280972480774,-2.1657886505126953
1701881431143244500,6.96824462890625,-0.44273442029953003,0.48175153136253357,-0.6126502752304077,0.4433523416519165,-2.649012565612793,1.3244744539260864,-2.1959941387176514
1701881431152838000,6.977837890625,-0.44568800926208496,0.479490727186203,-0.6144269704818726,0.44037526845932007,-2.613391399383545,1.3193895816802979,-2.229745626449585
1701881431162430200,6.98743017578125,-0.44860851764678955,0.47676050662994385,-0.6164517402648926,0.43753522634506226,-2.577150583267212,1.3139517307281494,-2.2650156021118164
1701881431172021800,6.997021728515625,-0.45139914751052856,0.4735284447669983,-0.6187185645103455,0.4349677264690399,-2.5410315990448,1.3083025217056274,-2.3013241291046143
1701881431181614300,7.0066142578125,-0.45426324009895325,0.4700770080089569,-0.6209813952445984,0.43249812722206116,-2.5050997734069824,1.3025002479553223,-2.33769154548645
1701881431191207700,7.016207763671875,-0.45708370208740234,0.46646833419799805,-0.6232580542564392,0.4301525056362152,-2.470346450805664,1.296522617340088,-2.3732259273529053
1701881431200800000,7.025800048828125,-0.45966067910194397,0.4629657566547394,-0.6255335211753845,0.42788147926330566,-2.4390053749084473,1.2903164625167847,-2.405565023422241
1701881431210391600,7.0353916015625,-0.46175915002822876,0.45971933007240295,-0.6277782320976257,0.4258299469947815,-2.4128928184509277,1.284204125404358,-2.433093547821045
1701881431219984100,7.044984130859375,-0.4631977081298828,0.4570082128047943,-0.62992924451828,0.42400529980659485,-2.3937830924987793,1.2784037590026855,-2.4538795948028564
1701881431229577500,7.054577392578125,-0.46422278881073,0.45502930879592896,-0.6319888830184937,0.42194268107414246,-2.3806028366088867,1.272355556488037,-2.4680848121643066
1701881431239169800,7.064169677734375,-0.4649697542190552,0.45352280139923096,-0.6342915892601013,0.41927844285964966,-2.3713951110839844,1.2651022672653198,-2.477771520614624
1701881431248761300,7.07376123046875,-0.46534210443496704,0.45186248421669006,-0.6372408270835876,0.41617444157600403,-2.3643054962158203,1.2562861442565918,-2.4861056804656982
1701881431258354000,7.08335400390625,-0.465602844953537,0.45035743713378906,-0.6407380700111389,0.4121248424053192,-2.35903000831604,1.2453358173370361,-2.492205858230591
1701881431267947300,7.092947265625,-0.46592193841934204,0.4490698277950287,-0.6447615027427673,0.40686073899269104,-2.354839563369751,1.231891393661499,-2.496276617050171
1701881431277539600,7.10253955078125,-0.4662977457046509,0.4476526975631714,-0.6494764089584351,0.40044209361076355,-2.3505890369415283,1.2157610654830933,-2.500048875808716
1701881431287131100,7.112131103515625,-0.46680256724357605,0.44596806168556213,-0.6548284888267517,0.39294716715812683,-2.3455569744110107,1.1970994472503662,-2.5043365955352783
1701881431296723700,7.1217236328125,-0.46723225712776184,0.4441676735877991,-0.6605920791625977,0.3847430944442749,-2.3411173820495605,1.1767818927764893,-2.507955312728882
1701881431306317000,7.131317138671875,-0.46733856201171875,0.44228681921958923,-0.6665818691253662,0.37635838985443115,-2.3382599353790283,1.1558619737625122,-2.5104708671569824
1701881431315909400,7.140909423828125,-0.46730223298072815,0.44061267375946045,-0.672566831111908,0.3676179349422455,-2.336688280105591,1.1344311237335205,-2.5112862586975098
1701881431325501000,7.1505009765625,-0.4672158658504486,0.4390775263309479,-0.6785378456115723,0.358478307723999,-2.3356709480285645,1.1124155521392822,-2.511051893234253
1701881431335093500,7.160093505859375,-0.46724408864974976,0.4375705122947693,-0.6844081878662109,0.3489992320537567,-2.3342032432556152,1.0899856090545654,-2.510683298110962
1701881431344686800,7.169686767578125,-0.4673939347267151,0.4358566999435425,-0.6901358366012573,0.33953553438186646,-2.3317947387695312,1.0676813125610352,-2.511216163635254
1701881431354279200,7.179279052734375,-0.4675983488559723,0.43386995792388916,-0.6956955790519714,0.3303276002407074,-2.328672409057617,1.0458855628967285,-2.51277756690979
1701881431363870700,7.18887060546875,-0.4677022397518158,0.4315784275531769,-0.7011962532997131,0.3214319050312042,-2.3254499435424805,1.0245375633239746,-2.515122413635254
1701881431373463300,7.19846337890625,-0.46770259737968445,0.4291289746761322,-0.7066546678543091,0.3126368820667267,-2.3224308490753174,1.0033235549926758,-2.5176053047180176
1701881431383056600,7.208056640625,-0.4676598012447357,0.4267415702342987,-0.7120141983032227,0.3036802411079407,-2.3197360038757324,0.9819626808166504,-2.519484758377075
1701881431392649000,7.21764892578125,-0.46733689308166504,0.4241741895675659,-0.7173969149589539,0.29498153924942017,-2.3177664279937744,0.9608908295631409,-2.521421194076538
1701881431402240500,7.227240478515625,-0.4667799770832062,0.42173200845718384,-0.7225396037101746,0.28669682145118713,-2.3167309761047363,0.9407694935798645,-2.5227160453796387
1701881431411833000,7.2368330078125,-0.46624863147735596,0.41916829347610474,-0.7273697853088379,0.27900415658950806,-2.3154244422912598,0.921900749206543,-2.5246663093566895
1701881431421426400,7.246426513671875,-0.4659213721752167,0.4161289632320404,-0.7320058345794678,0.2718849778175354,-2.312912940979004,0.904003918170929,-2.528505802154541
1701881431431018800,7.256018798828125,-0.4661009907722473,0.41292643547058105,-0.7362661957740784,0.264865517616272,-2.308720588684082,0.8866421580314636,-2.5333733558654785
1701881431440610300,7.2656103515625,-0.4664245545864105,0.4093027710914612,-0.7405608296394348,0.257854700088501,-2.3037760257720947,0.8690746426582336,-2.539353609085083
1701881431450203000,7.275202880859375,-0.46665269136428833,0.4057992100715637,-0.744855523109436,0.2505045533180237,-2.299421548843384,0.8509605526924133,-2.544384717941284
1701881431459796200,7.284796142578125,-0.46690940856933594,0.40255191922187805,-0.7490162253379822,0.24273911118507385,-2.295365810394287,0.8323891758918762,-2.5482475757598877
1701881431469388500,7.294388427734375,-0.4672817289829254,0.39873331785202026,-0.7532578110694885,0.2350790649652481,-2.2905402183532715,0.8136395812034607,-2.5535871982574463
1701881431478980000,7.30397998046875,-0.4673076868057251,0.3943959176540375,-0.7577226758003235,0.2278854101896286,-2.286414384841919,0.7951324582099915,-2.559919834136963
1701881431488572700,7.31357275390625,-0.46720147132873535,0.3902641534805298,-0.7619667053222656,0.22096018493175507,-2.2829959392547607,0.7773492932319641,-2.5655243396759033
1701881431498166000,7.323166015625,-0.4672602415084839,0.3863307535648346,-0.7658283114433289,0.21429738402366638,-2.279393434524536,0.7604727149009705,-2.5707859992980957
1701881431507758300,7.33275830078125,-0.46783024072647095,0.3826141953468323,-0.7690960168838501,0.20792439579963684,-2.274644613265991,0.744799792766571,-2.576049566268921
1701881431517350000,7.342349853515625,-0.4690132737159729,0.37911638617515564,-0.7717421650886536,0.2017705738544464,-2.2684826850891113,0.7302433848381042,-2.5813488960266113
1701881431526942500,7.3519423828125,-0.47059303522109985,0.37533241510391235,-0.7740554213523865,0.19622933864593506,-2.261168956756592,0.7168886661529541,-2.5879504680633545
1701881431536535800,7.361535888671875,-0.4724844694137573,0.37184786796569824,-0.7758374214172363,0.19121673703193665,-2.2533719539642334,0.7050749063491821,-2.5943105220794678
1701881431546128100,7.371128173828125,-0.4745478332042694,0.3685457706451416,-0.7772030830383301,0.1869056671857834,-2.2453770637512207,0.6949050426483154,-2.6007375717163086
1701881431555719700,7.3807197265625,-0.47656145691871643,0.3653438985347748,-0.7783161401748657,0.18340402841567993,-2.2377126216888428,0.6863401532173157,-2.6073415279388428
1701881431565312300,7.390312255859375,-0.47850117087364197,0.36235395073890686,-0.7791738510131836,0.18062224984169006,-2.230487823486328,0.6792964935302734,-2.6138181686401367
1701881431574905600,7.399905517578125,-0.4801601469516754,0.35919928550720215,-0.7800622582435608,0.17867566645145416,-2.2240006923675537,0.673470675945282,-2.6209769248962402
1701881431584498000,7.409497802734375,-0.4816402494907379,0.35612133145332336,-0.7808687090873718,0.1773255467414856,-2.218104600906372,0.6687180995941162,-2.6281991004943848
1701881431594089500,7.41908935546875,-0.4832085967063904,0.3532333970069885,-0.7814596891403198,0.17622829973697662,-2.2121312618255615,0.6646725535392761,-2.635211229324341
1701881431603682000,7.42868212890625,-0.4848918318748474,0.3503395915031433,-0.7819013595581055,0.1754203736782074,-2.2058780193328857,0.6612153053283691,-2.6425204277038574
1701881431613275400,7.438275390625,-0.48665833473205566,0.34743207693099976,-0.7822160124778748,0.17490771412849426,-2.1994166374206543,0.6583248972892761,-2.6501309871673584
1701881431622867700,7.44786767578125,-0.48851996660232544,0.34451156854629517,-0.7824140787124634,0.17460870742797852,-2.192708969116211,0.6558513641357422,-2.6579926013946533
1701881431632459500,7.45745947265625,-0.4905833601951599,0.34144753217697144,-0.7824957370758057,0.17447629570960999,-2.185386896133423,0.6536282896995544,-2.666452407836914
1701881431642051800,7.4670517578125,-0.4929308295249939,0.3381301462650299,-0.7824695706367493,0.17443786561489105,-2.177166700363159,0.6514425873756409,-2.6757607460021973
1701881431651645200,7.476645263671875,-0.49565789103507996,0.33466678857803345,-0.7822543382644653,0.1743547022342682,-2.1678597927093506,0.6491881012916565,-2.6856367588043213
1701881431661237500,7.486237548828125,-0.4985063672065735,0.33095741271972656,-0.782009482383728,0.17441262304782867,-2.158095359802246,0.6469473242759705,-2.6962344646453857
1701881431670829000,7.4958291015625,-0.5012574195861816,0.3270741403102875,-0.7818284034729004,0.17466497421264648,-2.148500442504883,0.6447676420211792,-2.7072553634643555
1701881431680421600,7.505421630859375,-0.5038594007492065,0.323278546333313,-0.7816353440284729,0.17510809004306793,-2.1393485069274902,0.6428952217102051,-2.718092918395996
1701881431690015000,7.515014892578125,-0.5063102841377258,0.3199038803577423,-0.7813460230827332,0.17552711069583893,-2.13084077835083,0.6412980556488037,-2.7278404235839844
1701881431699607300,7.524607177734375,-0.5085502862930298,0.3160575330257416,-0.7812474370002747,0.1764557808637619,-2.1225905418395996,0.6399727463722229,-2.738873243331909
1701881431709199000,7.53419921875,-0.5104349851608276,0.31261804699897766,-0.7812039256095886,0.1773315817117691,-2.115530014038086,0.6387678384780884,-2.7486586570739746
1701881431718791400,7.54379150390625,-0.512024998664856,0.30930808186531067,-0.7812677025794983,0.17826858162879944,-2.109332323074341,0.6376363635063171,-2.7579550743103027
1701881431728384800,7.553384765625,-0.5133070349693298,0.3062043786048889,-0.7814445495605469,0.17916244268417358,-2.1040937900543213,0.6364755034446716,-2.7664883136749268
1701881431737977000,7.56297705078125,-0.5143311619758606,0.3033052384853363,-0.7817121148109436,0.1799876093864441,-2.0996830463409424,0.6352709531784058,-2.774282932281494
1701881431747569000,7.57256884765625,-0.5151289105415344,0.3009113669395447,-0.7819968461990356,0.18048664927482605,-2.0962209701538086,0.6339057683944702,-2.7804768085479736
1701881431757161200,7.5821611328125,-0.5155768990516663,0.29823121428489685,-0.7825431823730469,0.18128643929958344,-2.0935184955596924,0.6326093077659607,-2.7872588634490967
1701881431766754600,7.591754638671875,-0.5156466364860535,0.2959475815296173,-0.7832168936729431,0.1819199025630951,-2.092092990875244,0.6312745809555054,-2.7927048206329346
1701881431776347000,7.601346923828125,-0.5154538750648499,0.2939147353172302,-0.7839934825897217,0.18241605162620544,-2.091548204421997,0.6298518180847168,-2.7972519397735596
1701881431785938700,7.610938720703125,-0.5151109099388123,0.2920442819595337,-0.7848353981971741,0.18276821076869965,-2.091534376144409,0.6282827258110046,-2.801175832748413
1701881431795531000,7.620531005859375,-0.5146819949150085,0.29016655683517456,-0.7857469916343689,0.18305031955242157,-2.091775417327881,0.6265449523925781,-2.8049614429473877
1701881431805124400,7.630124267578125,-0.5141491293907166,0.28832244873046875,-0.786720871925354,0.18327879905700684,-2.0923349857330322,0.6247074007987976,-2.8085274696350098
1701881431814716700,7.639716552734375,-0.5135618448257446,0.2866332530975342,-0.7876986265182495,0.18337507545948029,-2.0931529998779297,0.6227811574935913,-2.8115856647491455
1701881431824308500,7.64930859375,-0.5132013559341431,0.2853087782859802,-0.7884568572044373,0.1831914484500885,-2.0935940742492676,0.6208402514457703,-2.813793659210205
1701881431833900800,7.65890087890625,-0.5128411650657654,0.2840157747268677,-0.7891950011253357,0.18303059041500092,-2.094043016433716,0.6189786195755005,-2.8159596920013428
1701881431843494100,7.668494140625,-0.5120774507522583,0.2821533977985382,-0.7902758717536926,0.18338534235954285,-2.0951952934265137,0.6172794103622437,-2.819489002227783
1701881431853086500,7.67808642578125,-0.5110578536987305,0.2806873917579651,-0.7913656830787659,0.1837792545557022,-2.097212076187134,0.6159916520118713,-2.8220319747924805
1701881431862678300,7.68767822265625,-0.5100021958351135,0.279628187417984,-0.7923337817192078,0.18415482342243195,-2.0995118618011475,0.6151072978973389,-2.8236958980560303
1701881431872270600,7.6972705078125,-0.5088710784912109,0.2787908613681793,-0.7932335734367371,0.1846790909767151,-2.1020705699920654,0.6147135496139526,-2.8250012397766113
1701881431881864000,7.706864013671875,-0.5075891017913818,0.27827101945877075,-0.794105589389801,0.1852426677942276,-2.1051688194274902,0.6146824359893799,-2.8255724906921387
1701881431891456300,7.716456298828125,-0.5060921311378479,0.27802231907844543,-0.7950079441070557,0.18584057688713074,-2.108961582183838,0.6149274706840515,-2.825443744659424
1701881431901048000,7.726048095703125,-0.5043978691101074,0.27800583839416504,-0.7959451079368591,0.18645891547203064,-2.1133875846862793,0.6153853535652161,-2.824692487716675
1701881431910640400,7.735640380859375,-0.502589762210846,0.2782261371612549,-0.7968747019767761,0.18704119324684143,-2.1182384490966797,0.6159865856170654,-2.8233187198638916
1701881431920233700,7.745233642578125,-0.5007687211036682,0.27862539887428284,-0.7977591156959534,0.18756060302257538,-2.123222589492798,0.6166557669639587,-2.8214967250823975
1701881431929826000,7.754825927734375,-0.49900832772254944,0.279154896736145,-0.7985740303993225,0.18799659609794617,-2.1281239986419678,0.617329478263855,-2.8193671703338623
1701881431939417900,7.76441796875,-0.497333288192749,0.2797156572341919,-0.7993247509002686,0.18841107189655304,-2.1328136920928955,0.6180256009101868,-2.81721830368042
1701881431949010200,7.77401025390625,-0.4957526922225952,0.28034043312072754,-0.7999904751777649,0.18882212042808533,-2.1372787952423096,0.6188156604766846,-2.8150079250335693
1701881431958603500,7.783603515625,-0.4942712187767029,0.2810797691345215,-0.8005520701408386,0.1892261505126953,-2.141533374786377,0.6197479963302612,-2.8126301765441895
1701881431968195800,7.79319580078125,-0.49288198351860046,0.2819991409778595,-0.8009925484657288,0.1896173357963562,-2.1456308364868164,0.6208770275115967,-2.809936285018921
1701881431977787600,7.80278759765625,-0.491518497467041,0.28301799297332764,-0.8013637661933899,0.1900697499513626,-2.149696111679077,0.6222281455993652,-2.8071095943450928
1701881431987380000,7.8123798828125,-0.49015742540359497,0.2841883897781372,-0.8016675710678101,0.19055652618408203,-2.1538257598876953,0.6237955689430237,-2.8039920330047607
1701881431996973300,7.821973388671875,-0.4887787103652954,0.2854984402656555,-0.8019154667854309,0.19109584391117096,-2.158066749572754,0.6255910992622375,-2.8006062507629395
1701881432006565600,7.831565673828125,-0.4873749613761902,0.2870464026927948,-0.8020950555801392,0.19160783290863037,-2.1625096797943115,0.627562940120697,-2.7966580390930176
1701881432016157400,7.841157470703125,-0.4858953058719635,0.28872188925743103,-0.8022703528404236,0.1921136975288391,-2.16723370552063,0.6296122670173645,-2.7923529148101807
1701881432025749800,7.850749755859375,-0.4843389093875885,0.29049885272979736,-0.8024622201919556,0.19256329536437988,-2.172240972518921,0.6316154599189758,-2.7876951694488525
1701881432035343000,7.860343017578125,-0.48272669315338135,0.29236331582069397,-0.8026799559593201,0.19288203120231628,-2.177483081817627,0.6334242820739746,-2.7826597690582275
1701881432044935400,7.869935302734375,-0.48110756278038025,0.294293612241745,-0.8029189109802246,0.19299748539924622,-2.182830333709717,0.6348993182182312,-2.777268648147583
1701881432054527200,7.87952734375,-0.4795960485935211,0.29622626304626465,-0.8031544089317322,0.19282273948192596,-2.187952756881714,0.6358613967895508,-2.771678924560547
1701881432064119600,7.88911962890625,-0.4780813753604889,0.29807248711586,-0.8034404516220093,0.1925472468137741,-2.193058729171753,0.6365271806716919,-2.7661690711975098
1701881432073713000,7.898712890625,-0.47658729553222656,0.29989686608314514,-0.8037349581718445,0.19218888878822327,-2.1981117725372314,0.6370067596435547,-2.760641098022461
1701881432083305200,7.90830517578125,-0.4751847982406616,0.30173686146736145,-0.8039836883544922,0.19174076616764069,-2.2029407024383545,0.6373582482337952,-2.7550716400146484
1701881432092897000,7.91789697265625,-0.4738360047340393,0.3035041093826294,-0.8042157888412476,0.19131553173065186,-2.207580089569092,0.6376891136169434,-2.7497217655181885
1701881432102489300,7.9274892578125,-0.47245335578918457,0.305301696062088,-0.8044289350509644,0.1909785121679306,-2.2123117446899414,0.6381852626800537,-2.744351625442505
1701881432112082700,7.937082763671875,-0.4710142910480499,0.3071329593658447,-0.8046203255653381,0.19079048931598663,-2.2171921730041504,0.638953685760498,-2.738985061645508
1701881432121675000,7.946675048828125,-0.4695303738117218,0.3089338541030884,-0.8048040270805359,0.1907656341791153,-2.2221570014953613,0.6399627923965454,-2.7337799072265625
1701881432131266800,7.956266845703125,-0.4680136442184448,0.3107418715953827,-0.8049678802490234,0.19086489081382751,-2.227203607559204,0.641182005405426,-2.7286267280578613
1701881432140859100,7.965859130859375,-0.46647709608078003,0.3125193119049072,-0.8051275014877319,0.19105102121829987,-2.2322826385498047,0.6425102949142456,-2.7235844135284424
1701881432150452500,7.975452392578125,-0.4649816155433655,0.31430837512016296,-0.8052558302879333,0.1912207156419754,-2.2372682094573975,0.6438241600990295,-2.7185237407684326
1701881432160044800,7.985044921875,-0.46355897188186646,0.3159874677658081,-0.8053867220878601,0.19135639071464539,-2.242006540298462,0.6449888348579407,-2.7137255668640137
1701881432169636600,7.99463671875,-0.46229714155197144,0.3175413906574249,-0.8054899573326111,0.19140204787254333,-2.246258020401001,0.6459305882453918,-2.7092554569244385
1701881432179229000,8.00422900390625,-0.46122026443481445,0.31899556517601013,-0.8055408596992493,0.19136777520179749,-2.2499701976776123,0.6467095017433167,-2.705090045928955
1701881432188822300,8.013822265625,-0.4602682292461395,0.3202528655529022,-0.8055902719497681,0.19135206937789917,-2.2532362937927246,0.6473907232284546,-2.701476812362671
1701881432198414600,8.02341455078125,-0.4594166576862335,0.32151085138320923,-0.805583655834198,0.191316619515419,-2.2562403678894043,0.6480814218521118,-2.6979262828826904
1701881432208006400,8.03300634765625,-0.4585950970649719,0.3228139281272888,-0.805544912815094,0.19125652313232422,-2.259195566177368,0.6487781405448914,-2.6942763328552246
1701881432217598700,8.0425986328125,-0.457717627286911,0.32410475611686707,-0.8055354952812195,0.19121526181697845,-2.2622928619384766,0.6494622826576233,-2.6906163692474365
1701881432227192000,8.052192138671876,-0.45679163932800293,0.32544583082199097,-0.8055313229560852,0.19116932153701782,-2.2655508518218994,0.6501522064208984,-2.686793804168701
1701881432236784400,8.061784423828126,-0.4558424651622772,0.3267621397972107,-0.8055422902107239,0.19114339351654053,-2.2688567638397217,0.6508366465568542,-2.6830174922943115
1701881432246376200,8.071376220703126,-0.4549269676208496,0.32807841897010803,-0.805533766746521,0.19110572338104248,-2.272076368331909,0.6515097618103027,-2.679255485534668
1701881432255968500,8.080968505859374,-0.45408865809440613,0.32933205366134644,-0.8055071234703064,0.19105537235736847,-2.2750563621520996,0.6521351933479309,-2.675685167312622
1701881432265561900,8.090561767578125,-0.453357458114624,0.3305639326572418,-0.8054315447807312,0.1909831017255783,-2.277743101119995,0.6527519822120667,-2.6722333431243896
1701881432275154200,8.100154296875,-0.45271188020706177,0.3316937983036041,-0.8053390979766846,0.19094523787498474,-2.2801425457000732,0.6533812880516052,-2.6691064834594727
1701881432284746000,8.10974609375,-0.45216771960258484,0.33288872241973877,-0.8051645755767822,0.19089114665985107,-2.282317638397217,0.6540941596031189,-2.6659021377563477
1701881432294338300,8.11933837890625,-0.4516713321208954,0.3340621888637543,-0.8049543499946594,0.19090309739112854,-2.284355878829956,0.6549368500709534,-2.662832021713257
1701881432303931600,8.128931640625,-0.4511711597442627,0.3351741135120392,-0.8047475218772888,0.19100865721702576,-2.2863686084747314,0.6558955907821655,-2.6599631309509277
1701881432313524000,8.13852392578125,-0.45069167017936707,0.33628448843955994,-0.8045154809951782,0.19116638600826263,-2.288330078125,0.6569617390632629,-2.657148838043213
1701881432323115800,8.14811572265625,-0.450215607881546,0.33734363317489624,-0.8042845726013184,0.19139353930950165,-2.290254831314087,0.6581122875213623,-2.6544997692108154
1701881432332708000,8.1577080078125,-0.4497745931148529,0.3382978141307831,-0.8040598034858704,0.19169041514396667,-2.2920258045196533,0.6593164205551147,-2.652165412902832
1701881432342301400,8.167301513671875,-0.44941702485084534,0.3391670286655426,-0.8038198351860046,0.1919993907213211,-2.2935268878936768,0.6605113744735718,-2.650099992752075
1701881432351893800,8.176893798828125,-0.449147492647171,0.3398929536342621,-0.8035827875137329,0.19233819842338562,-2.294708251953125,0.6616804003715515,-2.6484549045562744
1701881432361485600,8.186485595703125,-0.4489842653274536,0.3404926657676697,-0.8033331036567688,0.19270135462284088,-2.295531749725342,0.6628406643867493,-2.6472041606903076
1701881432371078000,8.196077880859375,-0.4492921531200409,0.34019798040390015,-0.8032495975494385,0.19285233318805695,-2.2945334911346436,0.6630375981330872,-2.64825177192688
1701881432380671200,8.205671142578124,-0.44971558451652527,0.33974403142929077,-0.8031472563743591,0.19309157133102417,-2.2931289672851562,0.6633225679397583,-2.649827718734741
1701881432390263600,8.215263671875,-0.4501723647117615,0.3391568660736084,-0.8030503988265991,0.19346179068088531,-2.291551113128662,0.6637527942657471,-2.6518335342407227
1701881432399855400,8.22485546875,-0.4505995810031891,0.3385846018791199,-0.8029292821884155,0.1939719021320343,-2.290059804916382,0.6644466519355774,-2.653883695602417
1701881432409447700,8.23444775390625,-0.45093661546707153,0.33804672956466675,-0.8027978539466858,0.19466949999332428,-2.2888262271881104,0.6654787659645081,-2.6559176445007324
1701881432419041000,8.244041015625,-0.4511215388774872,0.33760178089141846,-0.8026668429374695,0.19555146992206573,-2.288050651550293,0.6668631434440613,-2.6577460765838623
1701881432428633300,8.25363330078125,-0.45118817687034607,0.33751457929611206,-0.8024610877037048,0.19639082252979279,-2.2878153324127197,0.6684332489967346,-2.6586241722106934
1701881432438225200,8.26322509765625,-0.4510886073112488,0.3376197814941406,-0.8022578954696655,0.1972668319940567,-2.2881431579589844,0.6701590418815613,-2.6589443683624268
1701881432447817500,8.2728173828125,-0.4508310854434967,0.33788299560546875,-0.8020616173744202,0.19820083677768707,-2.288992166519165,0.6720542907714844,-2.6588056087493896
1701881432457410800,8.282410888671874,-0.4504317343235016,0.3383629322052002,-0.8018743395805359,0.1990460306406021,-2.2903621196746826,0.6739005446434021,-2.657975673675537
1701881432467003100,8.292003173828125,-0.44993290305137634,0.3390284478664398,-0.8016847372055054,0.1998041868209839,-2.2921230792999268,0.6756954193115234,-2.6565616130828857
1701881432476595000,8.301594970703125,-0.44934654235839844,0.339740127325058,-0.8015300035476685,0.200534388422966,-2.29415225982666,0.6774276494979858,-2.6549365520477295
1701881432486187300,8.311187255859375,-0.4486962854862213,0.3404770493507385,-0.8014252185821533,0.20115819573402405,-2.2963733673095703,0.6789395213127136,-2.653111696243286
1701881432495780600,8.320780517578125,-0.44800975918769836,0.341172456741333,-0.8013774752616882,0.20169952511787415,-2.298668146133423,0.6802302598953247,-2.6512842178344727
1701881432505373000,8.330373046875,-0.4472281038761139,0.342004656791687,-0.8013367652893066,0.20218610763549805,-2.3013131618499756,0.6814843416213989,-2.6490094661712646
1701881432514964700,8.33996484375,-0.4464402198791504,0.3428325951099396,-0.8013111352920532,0.20262637734413147,-2.303975820541382,0.6826380491256714,-2.6466987133026123
1701881432524557000,8.34955712890625,-0.4456270933151245,0.34378811717033386,-0.8012644052505493,0.20298178493976593,-2.306796073913574,0.6837270855903625,-2.6440017223358154
1701881432534150400,8.359150390625,-0.4448331892490387,0.3447709381580353,-0.8012098670005798,0.2032713145017624,-2.3095874786376953,0.6847211718559265,-2.641205310821533
1701881432543742700,8.36874267578125,-0.4440620541572571,0.3456902801990509,-0.8011831045150757,0.2035011351108551,-2.312276840209961,0.6855504512786865,-2.6385297775268555
1701881432553334500,8.37833447265625,-0.44337302446365356,0.3465813994407654,-0.8011537790298462,0.20360323786735535,-2.3147284984588623,0.6861519813537598,-2.6359002590179443
1701881432562926800,8.3879267578125,-0.44283774495124817,0.34812578558921814,-0.8008925318717957,0.2031608670949936,-2.3172075748443604,0.6863870024681091,-2.6314992904663086
1701881432572520200,8.397520263671876,-0.4424777626991272,0.34873470664024353,-0.800856351852417,0.20304349064826965,-2.318582773208618,0.6864975690841675,-2.629669427871704
1701881432582112500,8.407112548828126,-0.4419473111629486,0.3494267165660858,-0.8008679747581482,0.20296314358711243,-2.320469856262207,0.686649739742279,-2.6275172233581543
1701881432591704300,8.416704345703126,-0.44139716029167175,0.350068598985672,-0.8008995056152344,0.20292970538139343,-2.3223764896392822,0.68683260679245,-2.6254961490631104
1701881432601296600,8.426296630859374,-0.44089648127555847,0.35073187947273254,-0.8009073734283447,0.2028418928384781,-2.3241641521453857,0.6869579553604126,-2.6234312057495117
1701881432610890000,8.435889892578125,-0.4404414892196655,0.35132768750190735,-0.8009265065193176,0.20272356271743774,-2.3257813453674316,0.6869887709617615,-2.62154483795166
1701881432620482300,8.445482421875,-0.44006213545799255,0.3519287705421448,-0.8009167909622192,0.20254312455654144,-2.327198028564453,0.6869493722915649,-2.619671583175659
1701881432630074000,8.45507421875,-0.43976274132728577,0.352458655834198,-0.8008965253829956,0.2023521214723587,-2.3283517360687256,0.6868733167648315,-2.618030071258545
1701881432639666400,8.46466650390625,-0.4395418167114258,0.3529283106327057,-0.8008593916893005,0.20216037333011627,-2.329254388809204,0.6867892146110535,-2.6166000366210938
1701881432649259800,8.474259765625,-0.4393792450428009,0.3533320724964142,-0.8008129596710205,0.201992467045784,-2.3299577236175537,0.6867275834083557,-2.6153926849365234
1701881432658852400,8.483852294921874,-0.4392354488372803,0.3536558747291565,-0.8007714152336121,0.2019030749797821,-2.3305599689483643,0.6867572069168091,-2.6144423484802246
1701881432668444000,8.49344384765625,-0.4391520917415619,0.3540290296077728,-0.8006787300109863,0.2017979621887207,-2.33103609085083,0.686838686466217,-2.6134185791015625
1701881432678036200,8.5030361328125,-0.439057320356369,0.3543083071708679,-0.8006081581115723,0.2017940878868103,-2.331483840942383,0.6870242357254028,-2.6126725673675537
1701881432687629600,8.512629638671875,-0.4390786290168762,0.3549410104751587,-0.8003723621368408,0.20157113671302795,-2.3318581581115723,0.6871776580810547,-2.6110503673553467
1701881432697222000,8.522221923828125,-0.43903830647468567,0.35516446828842163,-0.8003178238868713,0.20148193836212158,-2.332115888595581,0.6871813535690308,-2.6104283332824707
1701881432706813700,8.531813720703125,-0.4390049874782562,0.3553343415260315,-0.800286591053009,0.20137886703014374,-2.3323161602020264,0.6871140003204346,-2.6099300384521484
1701881432716406000,8.541406005859375,-0.43897461891174316,0.3554280996322632,-0.8002849221229553,0.20128630101680756,-2.332455635070801,0.687000036239624,-2.609621524810791
1701881432725999400,8.550999267578124,-0.4389640986919403,0.3555241525173187,-0.8002814054489136,0.20115360617637634,-2.332540988922119,0.6868228912353516,-2.6092987060546875
1701881432735591700,8.560591796875,-0.43897369503974915,0.35572847723960876,-0.8002363443374634,0.20095065236091614,-2.332643985748291,0.6866201758384705,-2.6086924076080322
1701881432745183500,8.57018359375,-0.4390961527824402,0.3563637435436249,-0.799998939037323,0.2005021870136261,-2.332733392715454,0.6864030957221985,-2.6070070266723633
1701881432754775800,8.57977587890625,-0.4391627609729767,0.35681942105293274,-0.7998455762863159,0.20015747845172882,-2.332850933074951,0.686189591884613,-2.605764865875244
1701881432764369200,8.589369140625,-0.43925464153289795,0.3574526607990265,-0.7996135950088501,0.1997525990009308,-2.333021402359009,0.6860364079475403,-2.604085922241211
1701881432773961500,8.59896142578125,-0.43924906849861145,0.35775747895240784,-0.7995330095291138,0.19954153895378113,-2.333233118057251,0.6858994960784912,-2.6032235622406006
1701881432783553300,8.60855322265625,-0.4392419159412384,0.3581947386264801,-0.799413800239563,0.19925010204315186,-2.3335349559783936,0.685725748538971,-2.601994514465332
1701881432793145600,8.6181455078125,-0.4392857849597931,0.3588961958885193,-0.7991909980773926,0.1987844854593277,-2.3338725566864014,0.6854863166809082,-2.6000733375549316
1701881432802739000,8.627739013671874,-0.4392881691455841,0.3594410717487335,-0.7990441918373108,0.1983843892812729,-2.3342137336730957,0.6852056384086609,-2.5985286235809326
1701881432812331300,8.637331298828125,-0.4392879903316498,0.35993826389312744,-0.7989155054092407,0.19800128042697906,-2.3345282077789307,0.6849130392074585,-2.5971059799194336
1701881432821923000,8.646923095703125,-0.43926751613616943,0.36035075783729553,-0.798820972442627,0.19767767190933228,-2.334841728210449,0.6846460700035095,-2.5959043502807617
1701881432831515400,8.656515380859375,-0.43919506669044495,0.3605945110321045,-0.798801839351654,0.19747129082679749,-2.335183620452881,0.6844196915626526,-2.5951321125030518
1701881432841108700,8.666108642578125,-0.43914559483528137,0.36105772852897644,-0.7986966967582703,0.19715996086597443,-2.335609197616577,0.6842033863067627,-2.5937933921813965
1701881432850701000,8.675701171875,-0.43909507989883423,0.36156919598579407,-0.7985782623291016,0.1968146562576294,-2.3360674381256104,0.6839639544487,-2.592318058013916
1701881432860292900,8.68529296875,-0.439003586769104,0.36204782128334045,-0.798492968082428,0.19648471474647522,-2.3366105556488037,0.6836976408958435,-2.590894937515259
1701881432869885200,8.69488525390625,-0.43896710872650146,0.3627624809741974,-0.7983015179634094,0.19602543115615845,-2.33716082572937,0.6834299564361572,-2.588878631591797
1701881432879478500,8.704478515625,-0.4388636648654938,0.3632097840309143,-0.798230767250061,0.19571655988693237,-2.3377137184143066,0.6831678748130798,-2.587533473968506
1701881432889070800,8.71407080078125,-0.4387350082397461,0.3636421263217926,-0.7981758117675781,0.19542625546455383,-2.3383235931396484,0.682911217212677,-2.586214065551758
1701881432898662700,8.72366259765625,-0.43855977058410645,0.3638797700405121,-0.7982138395309448,0.19522178173065186,-2.3389272689819336,0.6826140284538269,-2.5853703022003174
1701881432908255000,8.7332548828125,-0.4384588599205017,0.364361047744751,-0.798132598400116,0.1948825865983963,-2.339491367340088,0.6823247075080872,-2.5839290618896484
1701881432917848300,8.742848388671876,-0.4382988512516022,0.36446642875671387,-0.7982078790664673,0.19473709166049957,-2.339967727661133,0.68203204870224,-2.5834503173828125
1701881432927440600,8.752440673828126,-0.4381606876850128,0.3645690679550171,-0.7982741594314575,0.1945842206478119,-2.340383529663086,0.6817371249198914,-2.5829925537109375
1701881432937032400,8.762032470703126,-0.4380355775356293,0.3646485507488251,-0.7983391284942627,0.19445033371448517,-2.3407506942749023,0.6814665794372559,-2.582612991333008
1701881432946624800,8.771624755859374,-0.4379700720310211,0.36493396759033203,-0.7983048558235168,0.1942029744386673,-2.341092824935913,0.6812012791633606,-2.581725597381592
1701881432956218000,8.781218017578125,-0.4379068911075592,0.36515167355537415,-0.7982988357543945,0.19396081566810608,-2.341381072998047,0.6808867454528809,-2.5810043811798096
1701881432965810400,8.790810546875,-0.43789878487586975,0.36556652188301086,-0.7981981635093689,0.1936114877462387,-2.3416500091552734,0.6805787086486816,-2.579796552658081
1701881432975402200,8.80040234375,-0.43787115812301636,0.3658737540245056,-0.7981476187705994,0.19330187141895294,-2.3418984413146973,0.6802379488945007,-2.5788521766662598
1701881432984994600,8.80999462890625,-0.4378405511379242,0.36602070927619934,-0.798151969909668,0.1930747777223587,-2.3420519828796387,0.6799105405807495,-2.5783371925354004
1701881432994588000,8.819587890625,-0.4377520978450775,0.3659367561340332,-0.7982630133628845,0.1929754763841629,-2.3422107696533203,0.6795840263366699,-2.578399896621704
1701881433004180200,8.82918017578125,-0.4378271698951721,0.3665775656700134,-0.7980495691299438,0.19247114658355713,-2.3423984050750732,0.6792353391647339,-2.576632499694824
1701881433013772000,8.83877197265625,-0.4377509653568268,0.3666687309741974,-0.7980955243110657,0.19228026270866394,-2.3426356315612793,0.6788972616195679,-2.5762338638305664
1701881433023364400,8.8483642578125,-0.4377545118331909,0.36714041233062744,-0.7979716658592224,0.19188576936721802,-2.3429038524627686,0.6785610914230347,-2.5748748779296875
1701881433032957700,8.857957763671875,-0.4376162588596344,0.36717525124549866,-0.7980619668960571,0.19175882637500763,-2.343271493911743,0.678254246711731,-2.574596881866455
1701881433042550000,8.867550048828125,-0.43749409914016724,0.36732712388038635,-0.7981063723564148,0.19156169891357422,-2.3436694145202637,0.6779274344444275,-2.5740115642547607
1701881433052141800,8.877141845703125,-0.4373508095741272,0.3674343228340149,-0.7981753349304199,0.1913960576057434,-2.34409499168396,0.6776071190834045,-2.5735342502593994
1701881433061734100,8.886734130859375,-0.43717634677886963,0.36746177077293396,-0.7982864379882812,0.1912785917520523,-2.3445522785186768,0.6772872805595398,-2.573249340057373
1701881433071327500,8.896327392578126,-0.4370017349720001,0.36746513843536377,-0.7984037399291992,0.19118128716945648,-2.3449957370758057,0.6769846677780151,-2.5730340480804443
1701881433080919800,8.905919921875,-0.43683120608329773,0.36748266220092773,-0.7985135912895203,0.1910787671804428,-2.34543776512146,0.6766874194145203,-2.5727858543395996
1701881433090511600,8.91551171875,-0.436653733253479,0.36752691864967346,-0.7986156940460205,0.19097235798835754,-2.3459155559539795,0.6764017343521118,-2.5724658966064453
1701881433100104000,8.92510400390625,-0.43648913502693176,0.3676221966743469,-0.7986930012702942,0.19084198772907257,-2.3463919162750244,0.676124095916748,-2.572021245956421
1701881433109697300,8.934697265625,-0.4362896680831909,0.36774706840515137,-0.7987759709358215,0.19071026146411896,-2.3469793796539307,0.6758465766906738,-2.571476459503174
1701881433119289600,8.94428955078125,-0.4360980689525604,0.36786600947380066,-0.798855185508728,0.19058717787265778,-2.3475430011749268,0.6755856275558472,-2.570957660675049
1701881433128881400,8.95388134765625,-0.4359302818775177,0.3680112361907959,-0.7989113926887512,0.19045493006706238,-2.3480615615844727,0.6753464341163635,-2.5703914165496826
1701881433138474000,8.963473876953126,-0.43579593300819397,0.3682013154029846,-0.7989302277565002,0.19031597673892975,-2.3485233783721924,0.6751567125320435,-2.5697431564331055
1701881433148067000,8.973067138671874,-0.43570271134376526,0.36849305033683777,-0.7988905310630798,0.190131276845932,-2.348942279815674,0.6749970316886902,-2.5688602924346924
1701881433157659600,8.98265966796875,-0.43557554483413696,0.368594765663147,-0.7989237308502197,0.19008609652519226,-2.349337339401245,0.6749141812324524,-2.5684845447540283
1701881433167251200,8.992251220703125,-0.4355064630508423,0.3690136969089508,-0.7988117337226868,0.189902201294899,-2.349782705307007,0.6748854517936707,-2.5673203468322754
1701881433176843800,9.00184375,-0.4354315996170044,0.369428426027298,-0.7986940145492554,0.18976259231567383,-2.3502469062805176,0.6749343872070312,-2.566187620162964
1701881433186436900,9.011436767578125,-0.43530723452568054,0.369583398103714,-0.7986869215965271,0.1897760033607483,-2.3506813049316406,0.6750134825706482,-2.5657222270965576
1701881433196029400,9.021029541015626,-0.43517133593559265,0.3696730434894562,-0.7987064123153687,0.18983101844787598,-2.3511064052581787,0.6751068830490112,-2.565427303314209
1701881433205621000,9.03062109375,-0.43511566519737244,0.3700289726257324,-0.7985959053039551,0.1897299438714981,-2.35148549079895,0.6751903295516968,-2.5644731521606445
1701881433215213600,9.040213623046874,-0.4350757896900177,0.3703375458717346,-0.7984941601753235,0.1896476149559021,-2.3517935276031494,0.6752786040306091,-2.5636560916900635
1701881433224806700,9.049806640625,-0.4351133108139038,0.3708832859992981,-0.7982743978500366,0.18942008912563324,-2.352043867111206,0.675350546836853,-2.562252998352051
1701881433234399200,9.059399169921875,-0.4350285232067108,0.37090662121772766,-0.7982991337776184,0.1894649863243103,-2.352288007736206,0.6753997802734375,-2.562152624130249
1701881433243990800,9.06899072265625,-0.43493202328681946,0.37089356780052185,-0.7983443737030029,0.1895214319229126,-2.352538585662842,0.675430953502655,-2.562135934829712
1701881433253583400,9.078583251953125,-0.434817910194397,0.3707485795021057,-0.7984447479248047,0.1896439641714096,-2.352752685546875,0.6754603385925293,-2.562457799911499
1701881433263176400,9.088176513671876,-0.43472686409950256,0.37068530917167664,-0.7985116243362427,0.18969489634037018,-2.352952718734741,0.6754401922225952,-2.5625622272491455
1701881433272769000,9.09776904296875,-0.4346845746040344,0.37081456184387207,-0.7984927892684937,0.18961825966835022,-2.3531410694122314,0.6753779649734497,-2.56217360496521
1701881433282360600,9.107360595703126,-0.43461769819259644,0.3708963692188263,-0.7984998822212219,0.18958187103271484,-2.3533666133880615,0.6753345131874084,-2.561901092529297
1701881433291953200,9.116953125,-0.4346313774585724,0.37125179171562195,-0.798375129699707,0.18938001990318298,-2.353548288345337,0.6752698421478271,-2.560946464538574
1701881433301546200,9.126546142578125,-0.43456020951271057,0.37127912044525146,-0.7984110713005066,0.18933838605880737,-2.353745222091675,0.6751648187637329,-2.5607972145080566
1701881433311138800,9.136138916015625,-0.4344552159309387,0.37112414836883545,-0.7985295653343201,0.18938332796096802,-2.3539156913757324,0.675041913986206,-2.5611050128936768
1701881433320730400,9.14573046875,-0.4344269335269928,0.3712329566478729,-0.7985219359397888,0.18926721811294556,-2.354046106338501,0.6748948693275452,-2.56075382232666
1701881433330323000,9.155322998046875,-0.43438881635665894,0.37113523483276367,-0.7985959053039551,0.18923413753509521,-2.3540701866149902,0.6747180819511414,-2.5609354972839355
1701881433339916000,9.164916015625,-0.43440765142440796,0.37112995982170105,-0.7986118197441101,0.18913410604000092,-2.3540008068084717,0.6745331883430481,-2.5609052181243896
1701881433349508600,9.174508544921874,-0.43441930413246155,0.37100139260292053,-0.7986751794815063,0.1890920251607895,-2.353872537612915,0.6743459105491638,-2.5611965656280518
1701881433359100200,9.18410009765625,-0.4344547390937805,0.3709622025489807,-0.7986933588981628,0.1890108287334442,-2.3537392616271973,0.6741787791252136,-2.561271905899048
1701881433368692700,9.193692626953125,-0.4344728887081146,0.37098798155784607,-0.7987012267112732,0.18888503313064575,-2.353689193725586,0.6739712953567505,-2.5611517429351807
1701881433378285800,9.203285888671875,-0.4344509243965149,0.3709043264389038,-0.7987668514251709,0.1888224333524704,-2.3536765575408936,0.6737611293792725,-2.561295986175537
1701881433387878400,9.21287841796875,-0.4344848692417145,0.3709823787212372,-0.7987457513809204,0.1886800229549408,-2.35361909866333,0.6735787987709045,-2.5610547065734863
1701881433397470000,9.222469970703125,-0.4344545006752014,0.3709014356136322,-0.7988015413284302,0.18867293000221252,-2.353639602661133,0.67347252368927,-2.561217784881592
1701881433407062500,9.2320625,-0.4345182776451111,0.37070783972740173,-0.7988428473472595,0.18873177468776703,-2.3533480167388916,0.6734580397605896,-2.5617668628692627
1701881433416655600,9.241655517578126,-0.4346214234828949,0.3708648979663849,-0.7987533807754517,0.18856433033943176,-2.353163003921509,0.6733450293540955,-2.561380386352539
1701881433426248200,9.251248291015624,-0.43461665511131287,0.3704896569252014,-0.7989096641540527,0.18865077197551727,-2.3529257774353027,0.6731753945350647,-2.5623207092285156
1701881433435839700,9.26083984375,-0.43466654419898987,0.3705403804779053,-0.7988975048065186,0.18848763406276703,-2.3528048992156982,0.6729398369789124,-2.562145471572876
1701881433445432300,9.270432373046875,-0.4347096383571625,0.370726615190506,-0.7988434433937073,0.18825101852416992,-2.3527841567993164,0.6726782321929932,-2.561598777770996
1701881433455025400,9.280025390625,-0.4346499741077423,0.37052351236343384,-0.7989820837974548,0.18820026516914368,-2.3527872562408447,0.6723591089248657,-2.562002420425415
1701881433464617700,9.28961767578125,-0.4346662759780884,0.3706166744232178,-0.7989836931228638,0.18797217309474945,-2.352771759033203,0.672012984752655,-2.561660051345825
1701881433474209500,9.29920947265625,-0.434619277715683,0.37041476368904114,-0.7991189360618591,0.18790404498577118,-2.3527402877807617,0.6716700792312622,-2.562060832977295
1701881433483802000,9.308802001953126,-0.4344468414783478,0.36984989047050476,-0.7994405627250671,0.18804723024368286,-2.3528151512145996,0.671326756477356,-2.563344717025757
1701881433493395200,9.318395263671874,-0.4342172145843506,0.3696357309818268,-0.7996627688407898,0.1880539357662201,-2.3532607555389404,0.6709927320480347,-2.563666582107544
1701881433502987500,9.327987548828125,-0.43396031856536865,0.36952030658721924,-0.7998629808425903,0.1880224049091339,-2.35383939743042,0.6706541180610657,-2.563708782196045
1701881433512579300,9.337579345703125,-0.4336676597595215,0.3694862127304077,-0.800054132938385,0.18795117735862732,-2.354560136795044,0.6702867150306702,-2.563504695892334
1701881433522172000,9.347171875,-0.4333341121673584,0.36944717168807983,-0.8002719879150391,0.1878698617219925,-2.355381488800049,0.6698675155639648,-2.5632731914520264
1701881433531765000,9.356764892578125,-0.4329586625099182,0.36945775151252747,-0.8004961609840393,0.1877596229314804,-2.356339931488037,0.6694076061248779,-2.5628724098205566
1701881433541357600,9.366357666015626,-0.4325861632823944,0.36958587169647217,-0.8006852865219116,0.18755950033664703,-2.357356548309326,0.668880045413971,-2.562143087387085
1701881433550949000,9.37594921875,-0.43220293521881104,0.36967653036117554,-0.8008885979652405,0.18739622831344604,-2.358380079269409,0.6683828234672546,-2.561516284942627
1701881433560541700,9.385541748046874,-0.43185293674468994,0.36984533071517944,-0.8010454773902893,0.18719933927059174,-2.359365463256836,0.6679118871688843,-2.5607123374938965
1701881433570134800,9.395134765625,-0.43149036169052124,0.37006956338882446,-0.8011813163757324,0.18701083958148956,-2.360422372817993,0.6674969792366028,-2.559771776199341
1701881433579727400,9.404727294921875,-0.4311271607875824,0.3705040514469147,-0.8012512922286987,0.18668828904628754,-2.361602544784546,0.6670069694519043,-2.5582547187805176
1701881433589319000,9.41431884765625,-0.4308541715145111,0.3705865442752838,-0.8013623952865601,0.18667778372764587,-2.362360715866089,0.6668713092803955,-2.557828903198242
1701881433598911500,9.423911376953125,-0.43058687448501587,0.3708023130893707,-0.801423192024231,0.18660500645637512,-2.3631856441497803,0.6667360663414001,-2.5570549964904785
1701881433608504600,9.433504638671875,-0.4303300380706787,0.3709455132484436,-0.8014995455741882,0.18658491969108582,-2.3639423847198486,0.666645884513855,-2.556492567062378
1701881433618097200,9.44309716796875,-0.4300251007080078,0.3711349070072174,-0.8015945553779602,0.1865033358335495,-2.3648433685302734,0.666443943977356,-2.555746078491211
1701881433627688700,9.452688720703126,-0.42970988154411316,0.3714090883731842,-0.8016629219055176,0.18639013171195984,-2.36582350730896,0.6662476658821106,-2.5547714233398438
1701881433637281300,9.46228125,-0.42939719557762146,0.37172645330429077,-0.8017241954803467,0.18621447682380676,-2.3668148517608643,0.665969729423523,-2.553661346435547
1701881433646874400,9.471874267578125,-0.4290889501571655,0.37212032079696655,-0.8017610311508179,0.18597954511642456,-2.3678359985351562,0.6656465530395508,-2.5523393154144287
1701881433656467000,9.481467041015625,-0.4287954866886139,0.37255242466926575,-0.8017836213111877,0.18569356203079224,-2.3688344955444336,0.6652675867080688,-2.550910472869873
1701881433666058500,9.49105859375,-0.4285132884979248,0.37294432520866394,-0.8018167614936829,0.18541523814201355,-2.369776487350464,0.6648756861686707,-2.549591541290283
1701881433675651000,9.500651123046875,-0.42825180292129517,0.37332257628440857,-0.8018510937690735,0.18510930240154266,-2.3706488609313965,0.6644323468208313,-2.548307418823242
1701881433685244200,9.510244140625,-0.4279932975769043,0.3736274540424347,-0.8019099235534668,0.18483692407608032,-2.3714680671691895,0.6639915108680725,-2.547219753265381
1701881433694836700,9.519836669921874,-0.4277547597885132,0.3739250898361206,-0.8019565939903259,0.1845848560333252,-2.372234344482422,0.663597047328949,-2.546177625656128
1701881433704428300,9.52942822265625,-0.4275304675102234,0.3741961419582367,-0.8020061254501343,0.1843397319316864,-2.372945785522461,0.6632025241851807,-2.5452146530151367
1701881433714020900,9.539020751953124,-0.42734071612358093,0.37442106008529663,-0.8020539283752441,0.1841147392988205,-2.3735404014587402,0.662830650806427,-2.5444014072418213
1701881433723614000,9.548614013671875,-0.42717957496643066,0.37455645203590393,-0.802115797996521,0.18394388258457184,-2.3740103244781494,0.662505567073822,-2.5438549518585205
1701881433733206500,9.55820654296875,-0.42707717418670654,0.37465909123420715,-0.8021502494812012,0.18382222950458527,-2.3743174076080322,0.6622880101203918,-2.5434608459472656
1701881433742798000,9.567798095703125,-0.42701032757759094,0.37471407651901245,-0.8021673560142517,0.1837908923625946,-2.3745198249816895,0.6622282862663269,-2.5432589054107666
1701881433752390700,9.577390625,-0.42697152495384216,0.3748277723789215,-0.8021451234817505,0.18374626338481903,-2.3746888637542725,0.6622133255004883,-2.5429320335388184
1701881433761983700,9.586983642578126,-0.42692506313323975,0.374927282333374,-0.8021180033683777,0.18376952409744263,-2.3748819828033447,0.6623116731643677,-2.5426700115203857
1701881433771576300,9.596576416015624,-0.4268649220466614,0.3750278055667877,-0.8020797371864319,0.18387116491794586,-2.3751280307769775,0.6625522971153259,-2.542437791824341
1701881433781167900,9.60616796875,-0.42686256766319275,0.37516897916793823,-0.8019827008247375,0.18401172757148743,-2.3752636909484863,0.6629436612129211,-2.5421760082244873
1701881433790760400,9.615760498046875,-0.4269029498100281,0.3751585781574249,-0.8019114136695862,0.1842498779296875,-2.3752050399780273,0.6634222269058228,-2.5423638820648193
1701881433800353500,9.625353515625,-0.4269508719444275,0.3751559853553772,-0.8018336892127991,0.18448224663734436,-2.3751308917999268,0.663901686668396,-2.5425357818603516
1701881433809946000,9.634946044921875,-0.4270173907279968,0.3751716911792755,-0.801727831363678,0.1847560703754425,-2.375030994415283,0.6644901633262634,-2.5427019596099854
1701881433819537700,9.64453759765625,-0.4271160960197449,0.3752218186855316,-0.8015952706336975,0.1850011944770813,-2.3748667240142822,0.6650757193565369,-2.5427966117858887
1701881433829130200,9.654130126953126,-0.4272080957889557,0.3752375841140747,-0.8014886379241943,0.18521864712238312,-2.3746893405914307,0.6655734777450562,-2.542952537536621
1701881433838723600,9.6637236328125,-0.42731502652168274,0.3753246068954468,-0.8013536930084229,0.18537959456443787,-2.374511480331421,0.6660345792770386,-2.542919397354126
1701881433848316000,9.67331591796875,-0.4274443984031677,0.37536919116973877,-0.8012244701385498,0.18554949760437012,-2.3742482662200928,0.6664919257164001,-2.543010950088501
1701881433857907500,9.682907470703125,-0.427578330039978,0.37537071108818054,-0.8011061549186707,0.1857486516237259,-2.373948574066162,0.666971743106842,-2.5432255268096924
1701881433867500000,9.6925,-0.4277259111404419,0.37545353174209595,-0.800955057144165,0.18589287996292114,-2.37365984916687,0.6674256324768066,-2.543226480484009
1701881433877093400,9.70209326171875,-0.42785903811454773,0.37550461292266846,-0.8008257746696472,0.18604037165641785,-2.3733861446380615,0.6678481698036194,-2.5432937145233154
1701881433886685700,9.711685791015626,-0.4279833137989044,0.37560853362083435,-0.8006850481033325,0.18615049123764038,-2.373164415359497,0.6682384014129639,-2.5432069301605225
1701881433896277200,9.72127734375,-0.428096741437912,0.37569111585617065,-0.80056232213974,0.1862507164478302,-2.372953176498413,0.6685832738876343,-2.543156862258911
1701881433905869800,9.730869873046874,-0.42821651697158813,0.3757607638835907,-0.8004539012908936,0.18630094826221466,-2.372706174850464,0.668825089931488,-2.5431156158447266
1701881433915463200,9.740463134765625,-0.42829301953315735,0.3757820129394531,-0.8003924489021301,0.18634624779224396,-2.3725345134735107,0.6689847707748413,-2.543152093887329
1701881433925055500,9.750055419921875,-0.428312748670578,0.3757217526435852,-0.8003970384597778,0.18640273809432983,-2.372452974319458,0.6690552830696106,-2.5433437824249268
1701881433934647000,9.75964697265625,-0.42835500836372375,0.3758307993412018,-0.8003394603729248,0.18633292615413666,-2.3724071979522705,0.669045090675354,-2.543078660964966
1701881433944239600,9.769239501953125,-0.42831656336784363,0.375691682100296,-0.8004186153411865,0.1863619089126587,-2.372413158416748,0.668953001499176,-2.543396234512329
1701881433953833000,9.7788330078125,-0.4283343553543091,0.37584638595581055,-0.800369143486023,0.18622133135795593,-2.3724477291107178,0.6688287258148193,-2.5429627895355225
1701881433963425300,9.78842529296875,-0.4283126890659332,0.37590017914772034,-0.8003846406936646,0.1860959827899933,-2.3725152015686035,0.6686182618141174,-2.5427474975585938
1701881433973016800,9.798016845703126,-0.42830273509025574,0.37599077820777893,-0.8003851771354675,0.18593350052833557,-2.372570514678955,0.6683764457702637,-2.542433023452759
1701881433982609400,9.807609375,-0.42835256457328796,0.3762911260128021,-0.8002849817276001,0.18564224243164062,-2.372593879699707,0.6681106090545654,-2.5415945053100586
1701881433992202800,9.81720263671875,-0.4284193515777588,0.3765207827091217,-0.8002054691314697,0.1853649616241455,-2.372526168823242,0.6678224802017212,-2.5409464836120605
1701881434001795000,9.826795166015625,-0.428419291973114,0.3764018714427948,-0.8002831339836121,0.18527118861675262,-2.372421979904175,0.6675381064414978,-2.5411794185638428
1701881434011386600,9.83638671875,-0.428497314453125,0.3765757977962494,-0.8002182841300964,0.18501748144626617,-2.372291088104248,0.6672552227973938,-2.540687322616577
1701881434020979200,9.845979248046875,-0.4285142421722412,0.3764558434486389,-0.800288200378418,0.1849198341369629,-2.3721415996551514,0.6669744849205017,-2.5409340858459473
1701881434030572500,9.855572509765626,-0.42854753136634827,0.3763970732688904,-0.8003256916999817,0.18480004370212555,-2.3719892501831055,0.6667159795761108,-2.5410358905792236
1701881434040164900,9.865164794921874,-0.42860040068626404,0.3764936625957489,-0.8002964854240417,0.18460692465305328,-2.371880531311035,0.6664648652076721,-2.540741205215454
1701881434049756700,9.874756591796874,-0.42860814929008484,0.3763684332370758,-0.8003655076026917,0.18454518914222717,-2.3717591762542725,0.6662424802780151,-2.54101300239563
1701881434059349200,9.884349365234375,-0.42868033051490784,0.3765422999858856,-0.8002843260765076,0.18437479436397552,-2.3716604709625244,0.6661161780357361,-2.5405619144439697
1701881434068942300,9.8939423828125,-0.4287029504776001,0.37649300694465637,-0.8002950549125671,0.18437616527080536,-2.371567964553833,0.6660919189453125,-2.540698766708374
1701881434078534700,9.90353466796875,-0.4287242591381073,0.37638214230537415,-0.8003150820732117,0.18446606397628784,-2.3714544773101807,0.6661838293075562,-2.5410306453704834
1701881434088126500,9.91312646484375,-0.4287237524986267,0.3761175870895386,-0.8003941178321838,0.18466401100158691,-2.371311664581299,0.6663349866867065,-2.541771650314331
1701881434097719000,9.922718994140626,-0.42871782183647156,0.3757372796535492,-0.800515353679657,0.18492622673511505,-2.3711142539978027,0.6665054559707642,-2.542820930480957
1701881434107312000,9.93231201171875,-0.4287774860858917,0.3757210373878479,-0.8004680871963501,0.18502555787563324,-2.3709709644317627,0.6667248606681824,-2.5429630279541016
1701881434116904400,9.941904541015624,-0.42867448925971985,0.37512412667274475,-0.8007033467292786,0.18545684218406677,-2.3709044456481934,0.6669648885726929,-2.5445446968078613
1701881434126496300,9.951496337890624,-0.4287613332271576,0.3753408193588257,-0.8005529046058655,0.18546698987483978,-2.3708367347717285,0.667233943939209,-2.544102907180786
1701881434136088800,9.9610888671875,-0.428788959980011,0.375230073928833,-0.8005526065826416,0.18562853336334229,-2.3707215785980225,0.6674686074256897,-2.5444798469543457
1701881434145682000,9.970681884765625,-0.42880499362945557,0.37495702505111694,-0.80060875415802,0.18590083718299866,-2.370543956756592,0.6677675247192383,-2.5452964305877686
1701881434155274500,9.9802744140625,-0.4289505183696747,0.3751506805419922,-0.8004328012466431,0.1859321892261505,-2.370314121246338,0.6680987477302551,-2.5449697971343994
1701881434164866000,9.989865966796875,-0.4290715157985687,0.37518802285194397,-0.800321638584137,0.1860559582710266,-2.3700554370880127,0.6684550046920776,-2.5450477600097656
1701881434174458600,9.999458740234376,-0.4291897714138031,0.37523120641708374,-0.8002044558525085,0.1862001270055771,-2.36981201171875,0.668853759765625,-2.545121431350708
1701881434184051700,10.0090517578125,-0.429216593503952,0.37503841519355774,-0.8002148866653442,0.18648172914981842,-2.3696646690368652,0.6692479848861694,-2.5457608699798584
1701881434193644300,10.018644287109375,-0.4292239248752594,0.3749287724494934,-0.8002131581306458,0.18669259548187256,-2.3696112632751465,0.6695644855499268,-2.5461466312408447
1701881434203235800,10.02823583984375,-0.42924290895462036,0.37493422627449036,-0.8001747727394104,0.18680253624916077,-2.369588613510132,0.6697946786880493,-2.546210289001465
1701881434212828400,10.037828369140625,-0.42932096123695374,0.3752349615097046,-0.8000087738037109,0.1867303103208542,-2.369586706161499,0.6699722409248352,-2.5455148220062256
1701881434222421500,10.04742138671875,-0.42935284972190857,0.3753046691417694,-0.7999539375305176,0.18675188720226288,-2.369558811187744,0.6700970530509949,-2.5453860759735107
1701881434232014000,10.05701416015625,-0.4293471574783325,0.37527456879615784,-0.7999646663665771,0.1867794394493103,-2.3695576190948486,0.6701200008392334,-2.545468807220459
1701881434241605600,10.066605712890626,-0.42935454845428467,0.3753591477870941,-0.7999331951141357,0.1867273449897766,-2.3695878982543945,0.6700984239578247,-2.545243501663208
1701881434251198200,10.0761982421875,-0.4293174743652344,0.3754216134548187,-0.7999368906021118,0.1866709589958191,-2.369715929031372,0.6700179576873779,-2.545032024383545
1701881434260791300,10.085791259765625,-0.4292718470096588,0.37549668550491333,-0.799943745136261,0.18659554421901703,-2.369870901107788,0.6699058413505554,-2.5447731018066406
1701881434270383900,10.0953837890625,-0.42919591069221497,0.37558022141456604,-0.7999595999717712,0.18653416633605957,-2.370112657546997,0.6698068380355835,-2.5444769859313965
1701881434279975400,10.104975341796875,-0.42911526560783386,0.37580546736717224,-0.7999263405799866,0.18640869855880737,-2.3704535961151123,0.6697043180465698,-2.543802499771118
1701881434289568000,10.114568115234375,-0.42908430099487305,0.37631651759147644,-0.7997662425041199,0.1861356794834137,-2.3708391189575195,0.6696008443832397,-2.542402505874634
1701881434299161000,10.1241611328125,-0.4288877844810486,0.3761129677295685,-0.7999389171600342,0.1862579882144928,-2.3712246417999268,0.6695210933685303,-2.5427968502044678
1701881434308753700,10.133753662109376,-0.42880651354789734,0.3763369023799896,-0.7999012470245361,0.18615460395812988,-2.371570587158203,0.6694592833518982,-2.5421371459960938
1701881434318345200,10.14334521484375,-0.42874130606651306,0.3767015039920807,-0.7998071908950806,0.18597126007080078,-2.371958017349243,0.6693767309188843,-2.541109561920166
1701881434327937800,10.152937744140624,-0.4286692142486572,0.3771505057811737,-0.7996866106987,0.18574582040309906,-2.3724138736724854,0.6692813038825989,-2.539851188659668
1701881434337531000,10.16253076171875,-0.4285481572151184,0.3773237466812134,-0.7996859550476074,0.18567611277103424,-2.3728325366973877,0.669211745262146,-2.539299249649048
1701881434347123500,10.17212353515625,-0.42844492197036743,0.37740790843963623,-0.7997033596038818,0.18566833436489105,-2.3731555938720703,0.6691967844963074,-2.5390090942382812
1701881434356715000,10.181715087890625,-0.42844435572624207,0.3776226341724396,-0.799626350402832,0.1855648159980774,-2.3732872009277344,0.6691832542419434,-2.5384373664855957
1701881434366307600,10.1913076171875,-0.42846331000328064,0.37729713320732117,-0.799750030040741,0.1856500506401062,-2.373025417327881,0.6690782308578491,-2.5392794609069824
1701881434375900700,10.200900634765626,-0.4285683035850525,0.37685778737068176,-0.7998934388160706,0.18568237125873566,-2.3724513053894043,0.6688329577445984,-2.540435314178467
1701881434385493200,10.2104931640625,-0.4287723898887634,0.3764493465423584,-0.8000079393386841,0.18554632365703583,-2.3716092109680176,0.6683594584465027,-2.5415046215057373
1701881434395084800,10.220084716796874,-0.42900440096855164,0.37603524327278137,-0.8001351952552795,0.1853007972240448,-2.370669364929199,0.6676890254020691,-2.542548656463623
1701881434404677400,10.229677490234375,-0.42923200130462646,0.37554171681404114,-0.8003097772598267,0.18502038717269897,-2.369678258895874,0.6668785214424133,-2.543757915496826
1701881434414270500,10.2392705078125,-0.4294675588607788,0.3750283122062683,-0.8004966974258423,0.18470647931098938,-2.368647813796997,0.6659912467002869,-2.5450005531311035
1701881434423863000,10.248863037109375,-0.4296945333480835,0.37453117966651917,-0.8006811141967773,0.1843874454498291,-2.3676514625549316,0.6651016473770142,-2.546192169189453
1701881434433454600,10.25845458984375,-0.4298989176750183,0.3739655613899231,-0.8008962273597717,0.18412475287914276,-2.366678476333618,0.6642444729804993,-2.547558069229126
1701881434443047200,10.268047119140626,-0.43009352684020996,0.37337228655815125,-0.8011240363121033,0.18388305604457855,-2.3657169342041016,0.6633961796760559,-2.5489919185638428
1701881434452640300,10.27764013671875,-0.43027758598327637,0.37276890873908997,-0.8013551831245422,0.18366937339305878,-2.3647828102111816,0.6625850796699524,-2.550454616546631
1701881434462232800,10.28723291015625,-0.43043142557144165,0.37220853567123413,-0.8015810251235962,0.18345974385738373,-2.3639585971832275,0.6617978811264038,-2.551790952682495
1701881434471824400,10.296824462890624,-0.43053942918777466,0.37176403403282166,-0.8017852902412415,0.1832147240638733,-2.363326072692871,0.6610118746757507,-2.552793502807617
1701881434481417000,10.3064169921875,-0.4306340515613556,0.37140315771102905,-0.8019517660140991,0.1829954832792282,-2.3627917766571045,0.6603391766548157,-2.553600311279297
1701881434491010000,10.316010009765625,-0.4307100772857666,0.3711414635181427,-0.8020700216293335,0.18282932043075562,-2.362384557723999,0.6598426103591919,-2.5541868209838867
1701881434500602600,10.3256025390625,-0.43075495958328247,0.37097597122192383,-0.802150547504425,0.18270593881607056,-2.3621315956115723,0.6594911813735962,-2.55454421043396
1701881434510194200,10.335194091796875,-0.43077990412712097,0.3709157705307007,-0.8021970391273499,0.18256518244743347,-2.361999034881592,0.6591848134994507,-2.554626226425171
1701881434519786800,10.344786865234376,-0.43079760670661926,0.37089061737060547,-0.8022268414497375,0.18244370818138123,-2.361912965774536,0.6589412093162537,-2.5546302795410156
1701881434529379800,10.3543798828125,-0.43075311183929443,0.3707468807697296,-0.8023257851600647,0.18240566551685333,-2.3619208335876465,0.6587113738059998,-2.554912805557251
1701881434538972400,10.363972412109375,-0.43072745203971863,0.3708992600440979,-0.8023161888122559,0.1821986436843872,-2.362050771713257,0.6584287285804749,-2.554412841796875
1701881434548564000,10.37356396484375,-0.430652379989624,0.3712136745452881,-0.8022697567939758,0.18194009363651276,-2.362407684326172,0.6581549048423767,-2.553460121154785
1701881434558156500,10.383156494140625,-0.4305633008480072,0.37188079953193665,-0.8021034002304077,0.18152154982089996,-2.3630096912384033,0.6578722596168518,-2.551569938659668
1701881434567749600,10.39274951171875,-0.43031084537506104,0.3720831871032715,-0.8021792769432068,0.1813701093196869,-2.3637630939483643,0.6575828790664673,-2.550802230834961
1701881434577342200,10.40234228515625,-0.4300093650817871,0.372577965259552,-0.8021818995475769,0.181057408452034,-2.3648087978363037,0.6572044491767883,-2.5492117404937744
1701881434586933800,10.411933837890626,-0.4297124743461609,0.3730992376804352,-0.8021844625473022,0.18067719042301178,-2.3658456802368164,0.6567215919494629,-2.5475246906280518
1701881434596526300,10.4215263671875,-0.42937248945236206,0.3737414479255676,-0.8021827340126038,0.18016523122787476,-2.3670454025268555,0.6560599207878113,-2.5454437732696533
1701881434606119400,10.431119384765625,-0.42899802327156067,0.37435182929039,-0.8022307753562927,0.17957496643066406,-2.368291139602661,0.6551945209503174,-2.5433688163757324
1701881434615712000,10.4407119140625,-0.4286685883998871,0.3748833239078522,-0.8022840023040771,0.1790141761302948,-2.369371175765991,0.6543477773666382,-2.5415353775024414
1701881434625303600,10.450303466796875,-0.4283798635005951,0.3752082586288452,-0.8023827075958252,0.17858164012432098,-2.370231866836548,0.6535957455635071,-2.540297031402588
1701881434634896100,10.459896240234375,-0.42813920974731445,0.3754328489303589,-0.8024935722351074,0.17818832397460938,-2.370908737182617,0.6528654098510742,-2.5393574237823486
1701881434644489200,10.4694892578125,-0.4279533624649048,0.37556949257850647,-0.8026095032691956,0.17782428860664368,-2.371391773223877,0.652153491973877,-2.538686513900757
1701881434654081800,10.479081787109376,-0.42783933877944946,0.3756910264492035,-0.802707850933075,0.17739734053611755,-2.371666669845581,0.651358425617218,-2.5380735397338867
1701881434663673300,10.48867333984375,-0.42780518531799316,0.3757862448692322,-0.802772045135498,0.17698730528354645,-2.3717246055603027,0.6506295800209045,-2.53759503364563
1701881434673266000,10.498265869140624,-0.42782503366470337,0.3758028745651245,-0.8028284311294556,0.17664770781993866,-2.371607542037964,0.6500062346458435,-2.537383794784546
1701881434682859300,10.507859375,-0.42788955569267273,0.3757462799549103,-0.8028843402862549,0.17635750770568848,-2.3713390827178955,0.6494458317756653,-2.5374081134796143
1701881434692451600,10.51745166015625,-0.42795777320861816,0.3757144808769226,-0.8029358386993408,0.17602495849132538,-2.371068239212036,0.6488285660743713,-2.537353038787842
1701881434702043100,10.527043212890625,-0.4280335009098053,0.3756124675273895,-0.8030129671096802,0.1757064163684845,-2.370734214782715,0.6481825113296509,-2.5374772548675537
1701881434711635700,10.5366357421875,-0.4280957579612732,0.3754463791847229,-0.8031272292137146,0.17538733780384064,-2.3703908920288086,0.6474704742431641,-2.5377418994903564
1701881434721229000,10.54622900390625,-0.42814263701438904,0.37520819902420044,-0.8032922148704529,0.17502672970294952,-2.3700289726257324,0.6466053128242493,-2.5381414890289307
1701881434730821400,10.5558212890625,-0.4281817078590393,0.3749023973941803,-0.8035162091255188,0.1745574176311493,-2.3696165084838867,0.6454677581787109,-2.5386335849761963
1701881434740413000,10.565412841796874,-0.4282214343547821,0.3745303153991699,-0.8038000464439392,0.17395097017288208,-2.3691275119781494,0.6440104842185974,-2.5392050743103027
1701881434750005500,10.575005615234375,-0.42824873328208923,0.3740677237510681,-0.8041424751281738,0.17329514026641846,-2.3685991764068604,0.6423715949058533,-2.5399508476257324
1701881434759598800,10.584598876953125,-0.4282384514808655,0.3734877407550812,-0.8045544028282166,0.17265833914279938,-2.368093967437744,0.6406412124633789,-2.540952444076538
1701881434769191200,10.594191162109375,-0.42814069986343384,0.37286999821662903,-0.8050276041030884,0.17202936112880707,-2.3677878379821777,0.6388322710990906,-2.541977643966675
1701881434778782700,10.60378271484375,-0.42798227071762085,0.3723287582397461,-0.8055098652839661,0.1713367998600006,-2.3676722049713135,0.6369262337684631,-2.542738914489746
1701881434788375300,10.613375244140625,-0.4277651309967041,0.37189388275146484,-0.8059854507446289,0.17058539390563965,-2.3677616119384766,0.6349597573280334,-2.5431718826293945
1701881434797968600,10.62296875,-0.42753133177757263,0.37146052718162537,-0.8064538240432739,0.16990089416503906,-2.3679091930389404,0.6331119537353516,-2.543625593185425
1701881434807561000,10.63256103515625,-0.42734578251838684,0.3710160553455353,-0.8068830370903015,0.1692999005317688,-2.367947816848755,0.6314487457275391,-2.5441877841949463
1701881434817152500,10.642152587890624,-0.4272155165672302,0.3704596757888794,-0.8073023557662964,0.1688474714756012,-2.3678102493286133,0.6300116777420044,-2.545135259628296
1701881434826745000,10.6517451171875,-0.427151083946228,0.3699277639389038,-0.8076616525650024,0.16845780611038208,-2.3675389289855957,0.6287619471549988,-2.5461087226867676
1701881434836338400,10.66133837890625,-0.4271390438079834,0.3695339560508728,-0.8079244494438171,0.16809220612049103,-2.367232322692871,0.6277143955230713,-2.54681134223938
1701881434845930800,10.6709306640625,-0.4270961284637451,0.3693009912967682,-0.8081263899803162,0.16774216294288635,-2.367110252380371,0.6268144249916077,-2.547123908996582
1701881434855522300,10.680522216796875,-0.42701196670532227,0.36914411187171936,-0.8082969784736633,0.16747941076755524,-2.3671600818634033,0.6261187195777893,-2.5472779273986816
1701881434865115000,10.690114990234376,-0.4268845021724701,0.3690825402736664,-0.8084335327148438,0.16728107631206512,-2.367394208908081,0.6255984306335449,-2.5472145080566406
1701881434874708200,10.699708251953124,-0.4267582297325134,0.36909180879592896,-0.8085225820541382,0.16715222597122192,-2.3676862716674805,0.6252729892730713,-2.5470266342163086
1701881434884300500,10.709300537109375,-0.42665913701057434,0.36910513043403625,-0.8085793256759644,0.16710132360458374,-2.3679308891296387,0.6251186728477478,-2.54689359664917
1701881434893892000,10.71889208984375,-0.4266165494918823,0.3692176342010498,-0.808553159236908,0.1670880764722824,-2.3681061267852783,0.6251609921455383,-2.5465927124023438
1701881434903484700,10.728484619140625,-0.42659223079681396,0.36920616030693054,-0.8085471987724304,0.16720446944236755,-2.3681864738464355,0.6253565549850464,-2.5466673374176025
1701881434913078000,10.738078125,-0.42656558752059937,0.3691774010658264,-0.8085408210754395,0.16736651957035065,-2.368272066116333,0.625622570514679,-2.5468060970306396
1701881434922670300,10.74767041015625,-0.4265281856060028,0.3691921532154083,-0.8085175156593323,0.16754186153411865,-2.368415594100952,0.6259442567825317,-2.5468430519104004
1701881434932262100,10.75726220703125,-0.4264706075191498,0.36920762062072754,-0.8084966540336609,0.1677549183368683,-2.3686184883117676,0.6263247132301331,-2.546884775161743
1701881434941854500,10.7668544921875,-0.42648014426231384,0.36972519755363464,-0.8082583546638489,0.1677391678094864,-2.3689229488372803,0.6267482042312622,-2.5456767082214355
1701881434951447800,10.77644775390625,-0.42641782760620117,0.37009650468826294,-0.8081061244010925,0.1678120344877243,-2.3693339824676514,0.6271646618843079,-2.5448057651519775
1701881434961040100,10.7860400390625,-0.426283597946167,0.3705034554004669,-0.8079795837402344,0.16786445677280426,-2.369943857192993,0.6275227069854736,-2.5437862873077393
1701881434970632000,10.7956318359375,-0.4260507822036743,0.3709377646446228,-0.8079019784927368,0.16786983609199524,-2.370806932449341,0.6277452707290649,-2.542602777481079
1701881434980224300,10.805224365234375,-0.4257349967956543,0.3713584542274475,-0.807873547077179,0.16787777841091156,-2.3718698024749756,0.6279024481773376,-2.5413904190063477
1701881434989817600,10.814817626953126,-0.42532727122306824,0.37180882692337036,-0.8078911900520325,0.1678294986486435,-2.3731679916381836,0.6279126405715942,-2.540009021759033
1701881434999410000,10.824409912109376,-0.42509153485298157,0.37247759103775024,-0.8077823519706726,0.16746731102466583,-2.374101161956787,0.6276304125785828,-2.5380704402923584
1701881435009001700,10.834001708984376,-0.4248795211315155,0.37290868163108826,-0.8077683448791504,0.16711322963237762,-2.3748221397399902,0.6271753907203674,-2.536710500717163
1701881435018594000,10.843593994140624,-0.4246188998222351,0.3741784393787384,-0.8076506853103638,0.16549809277057648,-2.3758862018585205,0.624998152256012,-2.5326621532440186
1701881435028187400,10.8531875,-0.42340195178985596,0.37649884819984436,-0.8076632618904114,0.16327731311321259,-2.3798234462738037,0.62188321352005,-2.525141716003418
1701881435037779700,10.86277978515625,-0.42200735211372375,0.37801897525787354,-0.8078747391700745,0.16232642531394958,-2.383995771408081,0.6203652620315552,-2.5200676918029785
1701881435047371500,10.87237158203125,-0.42072755098342896,0.3787790536880493,-0.8081343173980713,0.16258428990840912,-2.3877222537994385,0.6205779314041138,-2.5175020694732666
1701881435056963800,10.8819638671875,-0.4194047451019287,0.37925130128860474,-0.8084879517555237,0.16314218938350677,-2.3914551734924316,0.6210833787918091,-2.515734910964966
1701881435066557200,10.89155712890625,-0.4179815649986267,0.38023215532302856,-0.8087829351425171,0.16304932534694672,-2.395575523376465,0.6206979155540466,-2.512362003326416
1701881435076149500,10.9011494140625,-0.4168546497821808,0.3810441195964813,-0.8089749217033386,0.16308638453483582,-2.398890733718872,0.6206272840499878,-2.509665012359619
1701881435085741300,10.9107412109375,-0.4160950183868408,0.3812766373157501,-0.8091382384300232,0.16367162764072418,-2.4010887145996094,0.6213834881782532,-2.5088701248168945
1701881435095334000,10.920333984375,-0.41545721888542175,0.38112974166870117,-0.8093668222427368,0.16450154781341553,-2.402813196182251,0.6223797798156738,-2.509176731109619
1701881435104927000,10.929927001953125,-0.41462692618370056,0.3809105157852173,-0.8097283840179443,0.1653229296207428,-2.404961585998535,0.6231608390808105,-2.509509801864624
1701881435114519300,10.939519287109375,-0.4135786294937134,0.38083329796791077,-0.8101873397827148,0.1658770591020584,-2.4076590538024902,0.6233913898468018,-2.50921630859375
1701881435124111000,10.949111083984375,-0.4125228822231293,0.38092878460884094,-0.8106279969215393,0.1661335527896881,-2.4103968143463135,0.6231902241706848,-2.508361339569092
1701881435133703700,10.95870361328125,-0.411607563495636,0.381235271692276,-0.8109845519065857,0.16596069931983948,-2.412794351577759,0.6224430203437805,-2.506899118423462
1701881435143296800,10.968296875,-0.41086870431900024,0.3815910220146179,-0.8112779855728149,0.16553933918476105,-2.414710521697998,0.6213882565498352,-2.5053279399871826
1701881435152889000,10.97788916015625,-0.4102364182472229,0.38207706809043884,-0.8114632964134216,0.16507744789123535,-2.4164342880249023,0.6204389929771423,-2.503507614135742
1701881435162481000,10.98748095703125,-0.4097362458705902,0.3825640082359314,-0.8115643858909607,0.1646944135427475,-2.4178569316864014,0.6197367906570435,-2.501818895339966
1701881435172073500,10.997073486328125,-0.4093210697174072,0.38303473591804504,-0.8115718364715576,0.1645957976579666,-2.4191505908966064,0.6196264028549194,-2.5003650188446045
1701881435181666600,11.00666650390625,-0.40898793935775757,0.38352635502815247,-0.8114981055259705,0.16464263200759888,-2.420304536819458,0.6198703646659851,-2.498988389968872
1701881435191259000,11.0162587890625,-0.40880483388900757,0.38405659794807434,-0.8112892508506775,0.16489066183567047,-2.4211843013763428,0.6206406354904175,-2.4977195262908936
1701881435200850700,11.0258505859375,-0.4085903465747833,0.38455820083618164,-0.8111132383346558,0.16511884331703186,-2.422116279602051,0.6213258504867554,-2.496485471725464
1701881435210443300,11.035443359375,-0.4077049195766449,0.3858886659145355,-0.8109923005104065,0.16479714214801788,-2.425055980682373,0.6211317181587219,-2.4925525188446045
1701881435220036400,11.045036376953124,-0.40646448731422424,0.38759860396385193,-0.8109220862388611,0.16419284045696259,-2.429013252258301,0.6204303503036499,-2.4873390197753906
1701881435229628700,11.054628662109375,-0.40509745478630066,0.38912370800971985,-0.8109616637229919,0.16376811265945435,-2.433208703994751,0.6198159456253052,-2.4825618267059326
1701881435239220500,11.064220458984375,-0.40366023778915405,0.39061158895492554,-0.8110285401344299,0.1634431779384613,-2.437577247619629,0.6192970871925354,-2.4778714179992676
1701881435248813000,11.07381298828125,-0.4024186134338379,0.39205121994018555,-0.8110072612762451,0.16316339373588562,-2.4414494037628174,0.6189628839492798,-2.473452568054199
1701881435258406100,11.08340625,-0.40133780241012573,0.3933528661727905,-0.8109340071678162,0.16305682063102722,-2.4449002742767334,0.6189636588096619,-2.469548463821411
1701881435267998500,11.09299853515625,-0.4002667963504791,0.39483270049095154,-0.810791015625,0.16282376646995544,-2.448397159576416,0.6188624501228333,-2.4651694297790527
1701881435277590300,11.10259033203125,-0.399443656206131,0.39602214097976685,-0.8106135129928589,0.16284021735191345,-2.4511945247650146,0.6191928386688232,-2.4617583751678467
1701881435287182800,11.112182861328124,-0.3987791836261749,0.39681822061538696,-0.8105157017707825,0.16301779448986053,-2.453407049179077,0.6196406483650208,-2.4594640731811523
1701881435296776000,11.12177587890625,-0.39813777804374695,0.39752987027168274,-0.810472309589386,0.1630675196647644,-2.4554567337036133,0.6197929978370667,-2.457334518432617
1701881435306368500,11.131368408203125,-0.39764177799224854,0.3981930911540985,-0.8104137182235718,0.16295059025287628,-2.4570558071136475,0.6197003126144409,-2.455352783203125
1701881435315960000,11.1409599609375,-0.39747700095176697,0.39877593517303467,-0.8102688193321228,0.16264759004116058,-2.4577269554138184,0.6194470524787903,-2.4537155628204346
1701881435325552600,11.150552734375,-0.397431343793869,0.3994216322898865,-0.8100770115852356,0.1621292233467102,-2.4580657482147217,0.6189246773719788,-2.4519224166870117
1701881435335145700,11.160145751953126,-0.3973710834980011,0.39992639422416687,-0.8099696636199951,0.16156801581382751,-2.4583241939544678,0.6181994080543518,-2.4504425525665283
1701881435344738300,11.16973828125,-0.39732101559638977,0.40025219321250916,-0.8099461793899536,0.1610010266304016,-2.45843243598938,0.617331862449646,-2.4493987560272217
1701881435354329900,11.179329833984376,-0.3971877992153168,0.4005884826183319,-0.8099719285964966,0.16036266088485718,-2.4587159156799316,0.6162710785865784,-2.4482462406158447
1701881435363922400,11.18892236328125,-0.39683929085731506,0.4008936583995819,-0.8101423978805542,0.15959981083869934,-2.459440231323242,0.6147787570953369,-2.4469759464263916
1701881435373515500,11.198515625,-0.3962756395339966,0.40118950605392456,-0.8104326725006104,0.1587812900543213,-2.460646152496338,0.6130030751228333,-2.4455652236938477
1701881435383108000,11.208108154296875,-0.395481139421463,0.40159156918525696,-0.8107935786247253,0.15790081024169922,-2.4624428749084473,0.6110084652900696,-2.443725347518921
1701881435392699600,11.21769970703125,-0.3945314288139343,0.4019356667995453,-0.811250627040863,0.15705126523971558,-2.46457576751709,0.6089035272598267,-2.4419405460357666
1701881435402292200,11.227292236328125,-0.3933953046798706,0.4022887349128723,-0.811786413192749,0.1562267243862152,-2.4671597480773926,0.606703519821167,-2.4400291442871094
1701881435411885300,11.23688525390625,-0.39213189482688904,0.40253955125808716,-0.8124228119850159,0.15544664859771729,-2.4699866771698,0.6044067144393921,-2.438305616378784
1701881435421478000,11.246477783203124,-0.3909381031990051,0.40266475081443787,-0.813084065914154,0.1546698957681656,-2.4725558757781982,0.6020743250846863,-2.436938762664795
1701881435431069400,11.2560693359375,-0.38998058438301086,0.40263161063194275,-0.8137189745903015,0.15383221209049225,-2.47442626953125,0.5996934175491333,-2.4360878467559814
1701881435440662000,11.265662109375,-0.3893394470214844,0.4024673104286194,-0.8142938613891602,0.15284116566181183,-2.475389003753662,0.5971742272377014,-2.4357001781463623
1701881435450255000,11.275255126953125,-0.38896188139915466,0.4022783935070038,-0.8147882223129272,0.15166057646274567,-2.475626230239868,0.5944876670837402,-2.435468912124634
1701881435459847700,11.28484765625,-0.38862407207489014,0.40216562151908875,-0.8152260780334473,0.15046797692775726,-2.475811719894409,0.5918692946434021,-2.4350759983062744
1701881435469439200,11.294439208984375,-0.3882836699485779,0.4020148813724518,-0.8156619668006897,0.14938348531723022,-2.476024866104126,0.5894266366958618,-2.4348130226135254
1701881435479031800,11.30403173828125,-0.38813018798828125,0.4018682837486267,-0.8159934282302856,0.148362934589386,-2.4758293628692627,0.5872583389282227,-2.434680461883545
1701881435488625000,11.313625,-0.3882073163986206,0.40177005529403687,-0.8161803483963013,0.14739589393138885,-2.4751482009887695,0.5854126811027527,-2.4345943927764893
1701881435498217500,11.323217529296874,-0.3884260654449463,0.40171438455581665,-0.8162674903869629,0.14648599922657013,-2.4741883277893066,0.583821177482605,-2.434514045715332
1701881435507809000,11.33280908203125,-0.3886702358722687,0.40206092596054077,-0.8162120580673218,0.1451907753944397,-2.4732489585876465,0.5818268656730652,-2.433342933654785
1701881435517401600,11.342401611328125,-0.38901832699775696,0.4024125337600708,-0.8161031007766724,0.14389093220233917,-2.4720654487609863,0.5799131989479065,-2.4322195053100586
1701881435526994700,11.35199462890625,-0.38941341638565063,0.4025529623031616,-0.8160103559494019,0.14295227825641632,-2.4708023071289062,0.578561544418335,-2.431762933731079
1701881435536587300,11.361587158203125,-0.38997384905815125,0.40253400802612305,-0.8158840537071228,0.14219707250595093,-2.469137191772461,0.5775681138038635,-2.431853771209717
1701881435546178800,11.3711787109375,-0.3907919228076935,0.4020578861236572,-0.8157855272293091,0.14186298847198486,-2.4667770862579346,0.5772260427474976,-2.4333462715148926
1701881435555771400,11.380771484375,-0.39167237281799316,0.401357501745224,-0.8157268762588501,0.14175532758235931,-2.4642341136932373,0.5771867036819458,-2.435495615005493
1701881435565364500,11.390364501953124,-0.3923993706703186,0.40068456530570984,-0.815731942653656,0.14161927998065948,-2.4620540142059326,0.5769897699356079,-2.437474250793457
1701881435574957000,11.39995703125,-0.3929509222507477,0.3998352587223053,-0.8158486485481262,0.14181774854660034,-2.4603235721588135,0.577146589756012,-2.439896821975708
1701881435584548600,11.409548583984375,-0.3933800160884857,0.3988529145717621,-0.8160722255706787,0.1421077996492386,-2.458836793899536,0.5772743225097656,-2.442596197128296
1701881435594141200,11.41914111328125,-0.3937975764274597,0.3978813588619232,-0.8163095712661743,0.14231149852275848,-2.4573450088500977,0.5772360563278198,-2.4452271461486816
1701881435603734300,11.428734375,-0.3942786753177643,0.3967968225479126,-0.816571831703186,0.14250265061855316,-2.4556281566619873,0.5771340131759644,-2.4481565952301025
1701881435613326800,11.438326904296876,-0.39486733078956604,0.39559659361839294,-0.8168370127677917,0.14269010722637177,-2.453585386276245,0.5770159363746643,-2.4514219760894775
1701881435622918400,11.44791845703125,-0.3955783545970917,0.3942844867706299,-0.8170892596244812,0.1429077535867691,-2.451197862625122,0.5769588947296143,-2.4550364017486572
1701881435632511000,11.457510986328124,-0.39636901021003723,0.3928065896034241,-0.8173606395721436,0.14323461055755615,-2.4485652446746826,0.5770350098609924,-2.459134101867676
1701881435642104000,11.46710400390625,-0.39718517661094666,0.3911673128604889,-0.8176572322845459,0.14376617968082428,-2.445854425430298,0.577384889125824,-2.4637138843536377
1701881435651696600,11.476696533203125,-0.3980639576911926,0.3892289400100708,-0.8180246949195862,0.1445043534040451,-2.442889928817749,0.5779312252998352,-2.469123601913452
1701881435661288200,11.4862880859375,-0.3990284502506256,0.38672834634780884,-0.8185544013977051,0.1455545425415039,-2.4394924640655518,0.5786805748939514,-2.476041555404663
1701881435670880800,11.495880859375,-0.40002402663230896,0.3837081789970398,-0.8192591667175293,0.146844282746315,-2.435781717300415,0.5794837474822998,-2.4843013286590576
1701881435680474000,11.50547412109375,-0.4009045362472534,0.38054144382476807,-0.820052444934845,0.14824898540973663,-2.432279348373413,0.5802887678146362,-2.4928832054138184
1701881435690066400,11.51506640625,-0.4016387164592743,0.3773695230484009,-0.8209505081176758,0.14939498901367188,-2.4290144443511963,0.5804785490036011,-2.50126051902771
1701881435699658000,11.524657958984376,-0.40230539441108704,0.3737674057483673,-0.8220450282096863,0.15063296258449554,-2.4256715774536133,0.5804394483566284,-2.510629415512085
1701881435709250600,11.53425048828125,-0.4030081331729889,0.3700225353240967,-0.8231652975082397,0.1518770456314087,-2.4221484661102295,0.5803109407424927,-2.5203449726104736
1701881435718844000,11.543843994140625,-0.4036370813846588,0.36619114875793457,-0.8243463039398193,0.15308281779289246,-2.418728828430176,0.5799751877784729,-2.530181884765625
1701881435728436200,11.553436279296875,-0.4039682447910309,0.36294206976890564,-0.8253886699676514,0.15432509779930115,-2.4163737297058105,0.5799600481987,-2.5384938716888428
1701881435738027800,11.56302783203125,-0.40454572439193726,0.35880622267723083,-0.8265993595123291,0.15599483251571655,-2.4130120277404785,0.5802075266838074,-2.5492138862609863
1701881435747620400,11.572620361328125,-0.40513578057289124,0.3553401827812195,-0.8275623917579651,0.15728583931922913,-2.4098944664001465,0.5802699327468872,-2.558204412460327
1701881435757213700,11.582213623046876,-0.4054766297340393,0.35382890701293945,-0.8278271555900574,0.15841732919216156,-2.408477783203125,0.5814342498779297,-2.562480926513672
1701881435766806000,11.591805908203124,-0.40604168176651,0.3512378931045532,-0.8283520340919495,0.15998435020446777,-2.405980110168457,0.5827009081840515,-2.5696070194244385
1701881435776397600,11.6013974609375,-0.40657660365104675,0.3491937518119812,-0.8287181854248047,0.16119973361492157,-2.4037742614746094,0.5837135314941406,-2.5752813816070557
1701881435785990100,11.610990234375,-0.40731093287467957,0.34789174795150757,-0.8287111520767212,0.16219404339790344,-2.4014570713043213,0.5850298404693604,-2.579284429550171
1701881435795583500,11.62058349609375,-0.40847325325012207,0.3467026948928833,-0.828379213809967,0.1635075956583023,-2.3982250690460205,0.5873176455497742,-2.583505153656006
1701881435805175800,11.63017578125,-0.41003167629241943,0.34639349579811096,-0.8274559378623962,0.16493095457553864,-2.3945510387420654,0.5907822251319885,-2.586071729660034
1701881435814767600,11.639767578125,-0.4117240905761719,0.34788593649864197,-0.8255836963653564,0.16694369912147522,-2.391730546951294,0.5969445109367371,-2.584975242614746
1701881435824360000,11.64935986328125,-0.4138994812965393,0.34934836626052856,-0.8231449723243713,0.17051492631435394,-2.3880081176757812,0.6063929200172424,-2.5851852893829346
1701881435833953300,11.658953369140624,-0.4169571101665497,0.35062411427497864,-0.8204701542854309,0.17331542074680328,-2.3817782402038574,0.6147945523262024,-2.5860633850097656
1701881435843545600,11.668545654296874,-0.42048707604408264,0.35231050848960876,-0.8173137307167053,0.17625589668750763,-2.374584197998047,0.6241363883018494,-2.5864880084991455
1701881435853137400,11.678137451171875,-0.42431506514549255,0.35369572043418884,-0.8140130639076233,0.17955166101455688,-2.3664231300354004,0.6341234445571899,-2.588122606277466
1701881435862729700,11.687729736328125,-0.42858830094337463,0.3543657660484314,-0.810687243938446,0.18309320509433746,-2.3565833568573,0.6442722082138062,-2.592020034790039
1701881435872323000,11.697322998046875,-0.43339458107948303,0.35418736934661865,-0.8072977066040039,0.1870584338903427,-2.3447000980377197,0.6548362970352173,-2.598733425140381
1701881435881915400,11.706915283203125,-0.4383087158203125,0.3537151515483856,-0.8039125204086304,0.19103841483592987,-2.3321080207824707,0.6652161478996277,-2.6064300537109375
1701881435891507200,11.716507080078125,-0.44278669357299805,0.3527112603187561,-0.8009102940559387,0.1951344609260559,-2.320058584213257,0.6750317215919495,-2.6152842044830322
1701881435901099500,11.726099609375,-0.44742467999458313,0.35037678480148315,-0.7982965111732483,0.19942407310009003,-2.306426525115967,0.6840454339981079,-2.6277353763580322
1701881435910692900,11.73569287109375,-0.4529958963394165,0.3475494384765625,-0.7953017354011536,0.2037137746810913,-2.2896480560302734,0.6930737495422363,-2.6424293518066406
1701881435920285200,11.74528515625,-0.45925384759902954,0.3444351851940155,-0.7919691801071167,0.20793059468269348,-2.2704386711120605,0.7019600868225098,-2.6586761474609375
1701881435929877000,11.754876953125,-0.4652039110660553,0.3402586281299591,-0.7890573740005493,0.2125977724790573,-2.2508931159973145,0.7103285789489746,-2.677781820297241
1701881435939469300,11.76446923828125,-0.4714691638946533,0.33522674441337585,-0.7862498760223389,0.2171427309513092,-2.229462146759033,0.7175689339637756,-2.699411153793335
1701881435949062700,11.774062744140625,-0.4774927794933319,0.3300427198410034,-0.7836942672729492,0.22112391889095306,-2.208287239074707,0.7231813669204712,-2.720956563949585
1701881435958655000,11.783655029296876,-0.48576876521110535,0.3243151009082794,-0.7799341082572937,0.22483596205711365,-2.1800127029418945,0.7285638451576233,-2.7461063861846924
1701881435968246800,11.793246826171876,-0.4970730245113373,0.3195379972457886,-0.7730137705802917,0.23078905045986176,-2.142244815826416,0.7402515411376953,-2.7750823497772217
1701881435977839400,11.80283935546875,-0.507607102394104,0.3177502453327179,-0.7654378414154053,0.23553073406219482,-2.108020067214966,0.7520713210105896,-2.7960901260375977
1701881435987432400,11.812432373046875,-0.5194011926651001,0.3161315321922302,-0.7567195296287537,0.24012257158756256,-2.069129705429077,0.7639914155006409,-2.8188726902008057
1701881435997024800,11.822024658203125,-0.5324020981788635,0.31473979353904724,-0.746856153011322,0.2443210631608963,-2.025650978088379,0.7755118012428284,-2.8431217670440674
1701881436006616600,11.831616455078125,-0.5464476943016052,0.31350740790367126,-0.7359001636505127,0.248110830783844,-1.9778488874435425,0.7863795757293701,-2.8688910007476807
1701881436016209200,11.841209228515625,-0.5613266825675964,0.31252649426460266,-0.7240006327629089,0.25112271308898926,-1.926570177078247,0.7958876490592957,-2.8952512741088867
1701881436025802200,11.85080224609375,-0.5769858360290527,0.3113401532173157,-0.7111904621124268,0.2536982297897339,-1.8714098930358887,0.803994357585907,-2.9235591888427734
1701881436035394600,11.86039453125,-0.5934091806411743,0.3110751211643219,-0.697414755821228,0.254382461309433,-1.8142982721328735,0.809597909450531,-2.9490556716918945
1701881436044986400,11.869986328125,-0.6114060878753662,0.3126354515552521,-0.6816596984863281,0.2525504529476166,-1.753456711769104,0.8133623003959656,-2.969876527786255
1701881436054579000,11.879578857421874,-0.6313331723213196,0.31545910239219666,-0.6629602909088135,0.2497750073671341,-1.6851741075515747,0.8175927400588989,-2.990589141845703
1701881436064172000,11.889172119140625,-0.6517016887664795,0.3201376497745514,-0.6423538327217102,0.2453126460313797,-1.6151865720748901,0.821874737739563,-3.0067315101623535
1701881436073764400,11.898764404296875,-0.6715183854103088,0.32646045088768005,-0.6212271451950073,0.23783071339130402,-1.5487089157104492,0.8241078853607178,-3.0143423080444336
1701881436083356200,11.908356201171875,-0.690109133720398,0.33452966809272766,-0.6005174517631531,0.22631411254405975,-1.489876389503479,0.8235087990760803,-3.0096442699432373
1701881436092948700,11.91794873046875,-0.7068651914596558,0.344337522983551,-0.5809352993965149,0.2104458212852478,-1.441571831703186,0.8202425241470337,-2.99064564704895
1701881436102541800,11.927541748046876,-0.7234047055244446,0.353675901889801,-0.5610613822937012,0.1918569952249527,-1.3947672843933105,0.8139262795448303,-2.9669830799102783
1701881436112134100,11.937134033203124,-0.741041898727417,0.36000141501426697,-0.5396813750267029,0.17320489883422852,-1.3405081033706665,0.8045276999473572,-2.950265884399414
1701881436121726000,11.946725830078124,-0.7591226696968079,0.36240196228027344,-0.5179014801979065,0.15548528730869293,-1.2809690237045288,0.7912992835044861,-2.9420814514160156
1701881436131318500,11.956318603515625,-0.7768691182136536,0.3609956204891205,-0.49708881974220276,0.13805502653121948,-1.221287727355957,0.7728017568588257,-2.9385223388671875
1701881436140911600,11.96591162109375,-0.7940247654914856,0.35611090064048767,-0.47792625427246094,0.11956672370433807,-1.1649442911148071,0.7475034594535828,-2.934896230697632
1701881436150504200,11.975504150390625,-0.8105271458625793,0.3480820953845978,-0.46047666668891907,0.09922631084918976,-1.1131778955459595,0.7150335311889648,-2.9284579753875732
1701881436160095700,11.985095703125,-0.8264992237091064,0.3370416462421417,-0.4443454146385193,0.0765451043844223,-1.0653455257415771,0.6753291487693787,-2.918087959289551
1701881436169688300,11.994688232421876,-0.8412902355194092,0.3232663869857788,-0.43019187450408936,0.051618754863739014,-1.0233862400054932,0.6289965510368347,-2.9027767181396484
1701881436179281400,12.004281494140624,-0.8541871905326843,0.30742377042770386,-0.41862717270851135,0.024619190022349358,-0.9889564514160156,0.5773524045944214,-2.881688356399536
1701881436188874000,12.0138740234375,0.8648343086242676,-0.2901572585105896,0.4096945822238922,0.00455869548022747,-0.9619398713111877,0.5214529633522034,-2.8543734550476074
1701881436198465500,12.023465576171875,0.8732707500457764,-0.27192163467407227,0.4026740491390228,0.036199722439050674,-0.9401702880859375,0.462033212184906,-2.8208484649658203
1701881436208058000,12.03305810546875,0.8796722292900085,-0.25287511944770813,0.3965844511985779,0.0703687071800232,-0.9207283854484558,0.39963287115097046,-2.7817561626434326
1701881436217651200,12.042651123046875,0.8839693069458008,-0.23294736444950104,0.39114445447921753,0.10648857802152634,-0.9021919369697571,0.3347487151622772,-2.7384932041168213
1701881436227243800,12.052243896484375,0.8859710693359375,-0.2122436910867691,0.38648802042007446,0.14364834129810333,-0.8843042850494385,0.26825249195098877,-2.6925292015075684
1701881436236835300,12.06183544921875,0.8855811953544617,-0.19101274013519287,0.3828984797000885,0.1806897670030594,-0.867326557636261,0.20129966735839844,-2.645585298538208
1701881436246428000,12.071427978515626,0.8828387260437012,-0.16968488693237305,0.38070642948150635,0.21648430824279785,-0.8519089818000793,0.13518622517585754,-2.5992417335510254
1701881436256021000,12.08102099609375,0.8779404759407043,-0.14888525009155273,0.3800398111343384,0.2502467632293701,-0.8386018872261047,0.07127765566110611,-2.554461717605591
1701881436265613600,12.090613525390625,0.8714707493782043,-0.12906436622142792,0.3801003396511078,0.2817886471748352,-0.8260690569877625,0.01073592621833086,-2.511413097381592
1701881436275205000,12.100205078125,0.8642767667770386,-0.11021890491247177,0.3791602849960327,0.3116326928138733,-0.8108239769935608,-0.045814238488674164,-2.469137191772461
1701881436284797700,12.109797607421875,0.857211709022522,-0.09225600957870483,0.37556666135787964,0.34003907442092896,-0.7894796133041382,-0.09740278124809265,-2.426915168762207
1701881436294390800,12.119390869140625,0.8509982824325562,-0.07531356811523438,0.3679881691932678,0.36703476309776306,-0.7595181465148926,-0.1424265056848526,-2.3841331005096436
1701881436303983400,12.1289833984375,0.8459028601646423,-0.0597010962665081,0.3559589087963104,0.39265426993370056,-0.7204142212867737,-0.17949722707271576,-2.340182065963745
1701881436313575000,12.138574951171876,0.8414026498794556,-0.04591232165694237,0.34038764238357544,0.41721680760383606,-0.6746384501457214,-0.2082718163728714,-2.294212579727173
1701881436323167500,12.14816748046875,0.8364880084991455,-0.03479861840605736,0.32369428873062134,0.4407934546470642,-0.6280520558357239,-0.2291475087404251,-2.2463457584381104
1701881436332760600,12.157760498046875,0.8300905227661133,-0.028112508356571198,0.3097035586833954,0.46286407113075256,-0.5901145339012146,-0.24239617586135864,-2.1982638835906982
1701881436342353200,12.167353271484375,0.8215121626853943,-0.027902644127607346,0.3016413450241089,0.4830649197101593,-0.569332480430603,-0.24811793863773346,-2.1514105796813965
1701881436351944700,12.17694482421875,0.8108233213424683,-0.0326152928173542,0.29908114671707153,0.5020480751991272,-0.5637581944465637,-0.2500121593475342,-2.105530261993408
1701881436361537300,12.186537353515625,0.798723042011261,-0.039005037397146225,0.29991206526756287,0.5201662182807922,-0.5664874911308289,-0.2523702383041382,-2.060905694961548
1701881436371130400,12.19613037109375,0.7863292694091797,-0.045162383466959,0.30188968777656555,0.5371305346488953,-0.5715352296829224,-0.2560727596282959,-2.018639326095581
1701881436380723000,12.205722900390626,0.7747623324394226,-0.04980815574526787,0.30310535430908203,0.5526207089424133,-0.5741008520126343,-0.26077109575271606,-1.979810357093811
1701881436390314500,12.215314453125,0.7647396922111511,-0.05217428132891655,0.3026620149612427,0.5664333701133728,-0.5717224478721619,-0.2662093937397003,-1.9452300071716309
1701881436399907000,12.224906982421874,0.7568074464797974,-0.05167277902364731,0.2997894883155823,0.5785314440727234,-0.5623270273208618,-0.27200430631637573,-1.9152445793151855
1701881436409500400,12.23450048828125,0.7513148784637451,-0.047937359660863876,0.2941167652606964,0.5888321399688721,-0.5448476672172546,-0.2779019773006439,-1.8902045488357544
1701881436419092700,12.2440927734375,0.7482563853263855,-0.04106883332133293,0.2858051657676697,0.5972781181335449,-0.5197095274925232,-0.28374236822128296,-1.870186686515808
1701881436428684300,12.253684326171875,0.747810959815979,-0.031540025025606155,0.27565255761146545,0.6031580567359924,-0.48912593722343445,-0.28937384486198425,-1.85682213306427
1701881436438276900,12.26327685546875,0.749519944190979,-0.020710086449980736,0.2649584412574768,0.6062902808189392,-0.45703747868537903,-0.2944757342338562,-1.850259780883789
1701881436447870200,12.2728701171875,0.7530500888824463,-0.009776773862540722,0.2546134293079376,0.6066234707832336,-0.42644745111465454,-0.29860180616378784,-1.8504679203033447
1701881436457462500,12.282462646484374,0.7579929828643799,0.0009092833497561514,0.24449782073497772,0.6047037839889526,-0.397406667470932,-0.30162888765335083,-1.8560155630111694
1701881436467054000,12.29205419921875,0.7636275887489319,0.010938222520053387,0.23451736569404602,0.6014605760574341,-0.36990562081336975,-0.30344685912132263,-1.864476203918457
1701881436476646700,12.301646728515625,0.76908278465271,0.018892494961619377,0.22548675537109375,0.5977544784545898,-0.3466545343399048,-0.30325812101364136,-1.8736821413040161
1701881436486240000,12.311239990234375,0.7738082408905029,0.023553622886538506,0.2185516208410263,0.5940548777580261,-0.33081838488578796,-0.30062294006347656,-1.882677435874939
1701881436495832300,12.320832275390625,0.7776632308959961,0.025520525872707367,0.21395538747310638,0.5906028151512146,-0.3219929039478302,-0.2967544496059418,-1.8910794258117676
1701881436505424100,12.330424072265625,0.7807588577270508,0.026092389598488808,0.21088021993637085,0.5875919461250305,-0.3171900510787964,-0.29272958636283875,-1.8984253406524658
1701881436515016400,12.340016357421876,0.7834538817405701,0.02634604461491108,0.20842833817005157,0.5848619341850281,-0.3136952221393585,-0.28909558057785034,-1.9050880670547485
1701881436524609800,12.34960986328125,0.7861471176147461,0.027512064203619957,0.2060060054063797,0.5820457935333252,-0.3092268109321594,-0.28699031472206116,-1.9119954109191895
1701881436534202000,12.3592021484375,0.7891415357589722,0.030642230063676834,0.2034219205379486,0.5787367224693298,-0.30242642760276794,-0.287773072719574,-1.920188546180725
1701881436543794000,12.3687939453125,0.7925564646720886,0.03611985966563225,0.20091180503368378,0.5746164917945862,-0.29341715574264526,-0.2922928035259247,-1.930450201034546
1701881436553386200,12.37838623046875,0.7960521578788757,0.04359841346740723,0.19900502264499664,0.5699097514152527,-0.28347882628440857,-0.3007567226886749,-1.9421675205230713
1701881436562979600,12.3879794921875,0.7993146181106567,0.05242106691002846,0.1981918066740036,0.5648611783981323,-0.27417221665382385,-0.3127785325050354,-1.9546964168548584
1701881436572572000,12.397572021484375,0.8022665977478027,0.061806343495845795,0.19864436984062195,0.5595433115959167,-0.2667050361633301,-0.3272821009159088,-1.9678568840026855
1701881436582163700,12.407163818359376,0.8048303723335266,0.07101445645093918,0.20027098059654236,0.5541629195213318,-0.2617056369781494,-0.3429584205150604,-1.9811725616455078
1701881436591756000,12.416756103515626,0.8072311282157898,0.07980380207300186,0.2025657445192337,0.5486131310462952,-0.258627325296402,-0.35874634981155396,-1.994903802871704
1701881436601349400,12.426349365234374,0.8094951510429382,0.08824653923511505,0.20467092096805573,0.5431758165359497,-0.255746454000473,-0.3738636076450348,-2.0082192420959473
1701881436610942000,12.43594189453125,0.8117308020591736,0.0963258445262909,0.20603421330451965,0.5379259586334229,-0.2520213723182678,-0.38768213987350464,-2.0208301544189453
1701881436620533500,12.445533447265625,0.8140764832496643,0.10392946004867554,0.2066246122121811,0.5327141880989075,-0.24754296243190765,-0.39993318915367126,-2.033116340637207
1701881436630126000,12.4551259765625,0.8164900541305542,0.11104393750429153,0.20655305683612823,0.5275880098342896,-0.2424640655517578,-0.41073399782180786,-2.0449864864349365
1701881436639719200,12.46471923828125,0.8190004229545593,0.11770763993263245,0.2057316154241562,0.5225492119789124,-0.23654519021511078,-0.4200597405433655,-2.056410551071167
1701881436649311500,12.4743115234375,0.821689248085022,0.12399385124444962,0.20383115112781525,0.5175955295562744,-0.22906550765037537,-0.42769333720207214,-2.0672926902770996
1701881436658903300,12.4839033203125,0.824047327041626,0.12945932149887085,0.20109832286834717,0.5135618448257446,-0.22045278549194336,-0.4333506226539612,-2.075674057006836
1701881436668496000,12.493495849609374,0.826888918876648,0.13392817974090576,0.19801095128059387,0.5090281367301941,-0.21252292394638062,-0.4368349611759186,-2.0853192806243896
1701881436678089000,12.5030888671875,0.8297120332717896,0.13740019500255585,0.195052832365036,0.5046320557594299,-0.2058144062757492,-0.4388127624988556,-2.0947868824005127
1701881436687681300,12.512681396484375,0.8325610160827637,0.14063525199890137,0.1920659840106964,0.5001745223999023,-0.1993424892425537,-0.44040724635124207,-2.1043877601623535
1701881436697273000,12.522273193359375,0.8354845643043518,0.1439909189939499,0.18885855376720428,0.49554479122161865,-0.19243699312210083,-0.442035436630249,-2.1142635345458984
1701881436706865700,12.53186572265625,0.8384692072868347,0.14741460978984833,0.18535731732845306,0.4907962381839752,-0.1849832832813263,-0.4435521364212036,-2.1242642402648926
1701881436716458800,12.541458740234376,0.8415985703468323,0.150979682803154,0.18128222227096558,0.4858536124229431,-0.1764167696237564,-0.44480493664741516,-2.1344666481018066
1701881436726051000,12.551051025390626,0.8450592756271362,0.15492132306098938,0.17613117396831512,0.4804706275463104,-0.16568054258823395,-0.44569724798202515,-2.1452510356903076
1701881436735643000,12.560642822265624,0.8489350080490112,0.15929055213928223,0.16960540413856506,0.4745207130908966,-0.15221847593784332,-0.4460631012916565,-2.156787395477295
1701881436745235500,12.5702353515625,0.8531872630119324,0.16373075544834137,0.16215959191322327,0.46794021129608154,-0.13727563619613647,-0.4457647204399109,-2.1694300174713135
1701881436754828500,12.57982861328125,0.8575760722160339,0.16771481931209564,0.15492121875286102,0.46090608835220337,-0.1234140694141388,-0.4450075328350067,-2.183231830596924
1701881436764421000,12.589421142578125,0.8616713285446167,0.17139823734760284,0.14904522895812988,0.45379582047462463,-0.11247438192367554,-0.4452129602432251,-2.1976044178009033
1701881436774012700,12.5990126953125,0.8649002909660339,0.17378659546375275,0.14627718925476074,0.4476032555103302,-0.10824519395828247,-0.4462263286113739,-2.2110447883605957
1701881436783605200,12.608605224609375,0.8674663305282593,0.17438600957393646,0.14646980166435242,0.4423102140426636,-0.11094819009304047,-0.4468402564525604,-2.223773717880249
1701881436793198300,12.6181982421875,0.8693919777870178,0.17415601015090942,0.14773693680763245,0.43817922472953796,-0.11588024348020554,-0.4470309913158417,-2.2342662811279297
1701881436802791000,12.627791015625,0.8711872696876526,0.17432554066181183,0.14812242984771729,0.43439972400665283,-0.11853691935539246,-0.4471850097179413,-2.243476152420044
1701881436812382500,12.637382568359374,0.8728464841842651,0.1753612905740738,0.14691521227359772,0.431049108505249,-0.11706183850765228,-0.4475768208503723,-2.250845193862915
